-0.005  0
0.005  0
0.015  0
0.025  0
0.035  0
0.045  0
0.055  0
0.065  0
0.075  0
0.085  0
0.095  0
0.105  0
0.115  0
0.125  0
0.135  0
0.145  0
0.155  0
0.165  0
0.175  0
0.185  0
0.195  0
0.205  0
0.215  0
0.225  0
0.235  0
0.245  0
0.255  0
0.265  0
0.275  0
0.285  0
0.295  0
0.305  0
0.315  0
0.325  0
0.335  0
0.345  0
0.355  0
0.365  0
0.375  0
0.385  0
0.395  0
0.405  0
0.415  0
0.425  0
0.435  0
0.445  0
0.455  0
0.465  0
0.475  0
0.485  0
0.495  0
0.505  0
0.515  0
0.525  0
0.535  0
0.545  0
0.555  0
0.565  0
0.575  0
0.585  0
0.595  0
0.605  0
0.615  0
0.625  0
0.635  0
0.645  0
0.655  0
0.665  0
0.675  0
0.685  0
0.695  0
0.705  0
0.715  0
0.725  0
0.735  0
0.745  0
0.755  0
0.765  0
0.775  0
0.785  0
0.795  0
0.805  0
0.815  0
0.825  0
0.835  0
0.845  0
0.855  0
0.865  0
0.875  0
0.885  0
0.895  0
0.905  0
0.915  0
0.925  0
0.935  0
0.945  0
0.955  0
0.965  0
0.975  0
0.985  0
0.995  0
1.005  0
1.015  0
1.025  0
1.035  0
1.045  0
1.055  0
1.065  0
1.075  0
1.085  0
1.095  0
1.105  0
1.115  0
1.125  0
1.135  0
1.145  0
1.155  0
1.165  0
1.175  0
1.185  0
1.195  0
1.205  0
1.215  0
1.225  0
1.235  0
1.245  0
1.255  0
1.265  0
1.275  0
1.285  0
1.295  0
1.305  0
1.315  0
1.325  0
1.335  0
1.345  0
1.355  0
1.365  0
1.375  0
1.385  0
1.395  0
1.405  0
1.415  0
1.425  0
1.435  0
1.445  0
1.455  0
1.465  0
1.475  0
1.485  0
1.495  0
1.505  0
1.515  0
1.525  0
1.535  0
1.545  0
1.555  0
1.565  0
1.575  0
1.585  0
1.595  0
1.605  0
1.615  0
1.625  0
1.635  0
1.645  0
1.655  0
1.665  0
1.675  0
1.685  0
1.695  0
1.705  0
1.715  0
1.725  0
1.735  0
1.745  0
1.755  0
1.765  0
1.775  0
1.785  0
1.795  0
1.805  0
1.815  0
1.825  0
1.835  0
1.845  0
1.855  0
1.865  0
1.875  0
1.885  0
1.895  0
1.905  0
1.915  0
1.925  0
1.935  0
1.945  0
1.955  0
1.965  0
1.975  0
1.985  0
1.995  0
2.005  0
2.015  0
2.025  0
2.035  0
2.045  0
2.055  0
2.065  0
2.075  0
2.085  0
2.095  0
2.105  0
2.115  0
2.125  0
2.135  0
2.145  0
2.155  0
2.165  0
2.175  0
2.185  0
2.195  0
2.205  0
2.215  0
2.225  0
2.235  0
2.245  0
2.255  0
2.265  0
2.275  0
2.285  0
2.295  0
2.305  0
2.315  0
2.325  0
2.335  0
2.345  0
2.355  0
2.365  0
2.375  0
2.385  0
2.395  0
2.405  0
2.415  0
2.425  0
2.435  0
2.445  0
2.455  0
2.465  0
2.475  0
2.485  0
2.495  0
2.505  0
2.515  0
2.525  0
2.535  0
2.545  0
2.555  0
2.565  0
2.575  0
2.585  0
2.595  0
2.605  0
2.615  0
2.625  0
2.635  0
2.645  0
2.655  0
2.665  0
2.675  0
2.685  0
2.695  0
2.705  0
2.715  0
2.725  0
2.735  0
2.745  0
2.755  0
2.765  0
2.775  0
2.785  0
2.795  0
2.805  0
2.815  0
2.825  0
2.835  0
2.845  0
2.855  0
2.865  0
2.875  0
2.885  0
2.895  0
2.905  0
2.915  0
2.925  0
2.935  0
2.945  0
2.955  0
2.965  0
2.975  0
2.985  0
2.995  0
3.005  0
3.015  0
3.025  0
3.035  0
3.045  0
3.055  0
3.065  0
3.075  0
3.085  0
3.095  0
3.105  0
3.115  0
3.125  0
3.135  0
3.145  0
3.155  0
3.165  0
3.175  0
3.185  0
3.195  0
3.205  0
3.215  0
3.225  0
3.235  0
3.245  0
3.255  0
3.265  0
3.275  0
3.285  0
3.295  0
3.305  0
3.315  0
3.325  0
3.335  0
3.345  0
3.355  0
3.365  0
3.375  0
3.385  0
3.395  0
3.405  0
3.415  0
3.425  0
3.435  0
3.445  0
3.455  0
3.465  0
3.475  0
3.485  0
3.495  0
3.505  0
3.515  0
3.525  0
3.535  0
3.545  0
3.555  0
3.565  0
3.575  0
3.585  0
3.595  0
3.605  0
3.615  0
3.625  0
3.635  0
3.645  0
3.655  0
3.665  0
3.675  0
3.685  0
3.695  0
3.705  0
3.715  0
3.725  0
3.735  0
3.745  0
3.755  0
3.765  0
3.775  0
3.785  0
3.795  0
3.805  0
3.815  0
3.825  0
3.835  0
3.845  0
3.855  0
3.865  0
3.875  0
3.885  0
3.895  0
3.905  0
3.915  0
3.925  0
3.935  0
3.945  0
3.955  0
3.965  0
3.975  0
3.985  0
3.995  0
4.005  0
4.015  0
4.025  0
4.035  0
4.045  0
4.055  0
4.065  0
4.075  0
4.085  0
4.095  0
4.105  0
4.115  0
4.125  0
4.135  0
4.145  0
4.155  0
4.165  0
4.175  0
4.185  0
4.195  0
4.205  0
4.215  0
4.225  0
4.235  0
4.245  0
4.255  0
4.265  0
4.275  0
4.285  0
4.295  0
4.305  0
4.315  0
4.325  0
4.335  0
4.345  0
4.355  0
4.365  0
4.375  0
4.385  0
4.395  0
4.405  0
4.415  0
4.425  0
4.435  0
4.445  0
4.455  0
4.465  0
4.475  0
4.485  0
4.495  0
4.505  0
4.515  0
4.525  0
4.535  0
4.545  0
4.555  0
4.565  0
4.575  0
4.585  0
4.595  0
4.605  0
4.615  0
4.625  0
4.635  0
4.645  0
4.655  0
4.665  0
4.675  0
4.685  0
4.695  0
4.705  0
4.715  0
4.725  0
4.735  0
4.745  0
4.755  0
4.765  0
4.775  0
4.785  0
4.795  0
4.805  0
4.815  0
4.825  0
4.835  0
4.845  0
4.855  0
4.865  0
4.875  0
4.885  0
4.895  0
4.905  0
4.915  0
4.925  0
4.935  0
4.945  0
4.955  0
4.965  0
4.975  0
4.985  0
4.995  0
5.005  0
5.015  0
5.025  0
5.035  0
5.045  0
5.055  0
5.065  0
5.075  0
5.085  0
5.095  0
5.105  0
5.115  0
5.125  0
5.135  0
5.145  0
5.155  0
5.165  0
5.175  0
5.185  0
5.195  0
5.205  0
5.215  0
5.225  0
5.235  0
5.245  0
5.255  0
5.265  0
5.275  0
5.285  0
5.295  0
5.305  0
5.315  0
5.325  0
5.335  0
5.345  0
5.355  0
5.365  0
5.375  0
5.385  0
5.395  0
5.405  0
5.415  0
5.425  0
5.435  0
5.445  0
5.455  0
5.465  0
5.475  0
5.485  0
5.495  0
5.505  0
5.515  0
5.525  0
5.535  0
5.545  0
5.555  0
5.565  0
5.575  0
5.585  0
5.595  2
5.605  0
5.615  0
5.625  0
5.635  0
5.645  0
5.655  1
5.665  0
5.675  0
5.685  0
5.695  0
5.705  0
5.715  0
5.725  0
5.735  0
5.745  0
5.755  0
5.765  0
5.775  0
5.785  1
5.795  1
5.805  0
5.815  0
5.825  0
5.835  0
5.845  0
5.855  0
5.865  2
5.875  0
5.885  1
5.895  1
5.905  0
5.915  1
5.925  0
5.935  0
5.945  1
5.955  0
5.965  0
5.975  0
5.985  0
5.995  0
6.005  0
6.015  0
6.025  1
6.035  0
6.045  1
6.055  0
6.065  2
6.075  0
6.085  0
6.095  1
6.105  0
6.115  0
6.125  0
6.135  0
6.145  0
6.155  0
6.165  1
6.175  0
6.185  0
6.195  1
6.205  0
6.215  0
6.225  0
6.235  0
6.245  0
6.255  0
6.265  0
6.275  1
6.285  1
6.295  0
6.305  0
6.315  0
6.325  0
6.335  0
6.345  0
6.355  0
6.365  0
6.375  0
6.385  0
6.395  1
6.405  0
6.415  0
6.425  1
6.435  1
6.445  0
6.455  0
6.465  0
6.475  0
6.485  0
6.495  1
6.505  0
6.515  0
6.525  0
6.535  0
6.545  1
6.555  0
6.565  1
6.575  0
6.585  2
6.595  0
6.605  0
6.615  0
6.625  0
6.635  0
6.645  0
6.655  1
6.665  0
6.675  0
6.685  0
6.695  0
6.705  0
6.715  2
6.725  0
6.735  0
6.745  0
6.755  0
6.765  0
6.775  1
6.785  0
6.795  0
6.805  0
6.815  0
6.825  0
6.835  1
6.845  1
6.855  0
6.865  0
6.875  0
6.885  0
6.895  0
6.905  0
6.915  0
6.925  0
6.935  0
6.945  0
6.955  0
6.965  0
6.975  0
6.985  0
6.995  0
7.005  0
7.015  0
7.025  0
7.035  1
7.045  0
7.055  0
7.065  0
7.075  0
7.085  0
7.095  0
7.105  1
7.115  0
7.125  2
7.135  1
7.145  0
7.155  0
7.165  0
7.175  0
7.185  3
7.195  0
7.205  0
7.215  0
7.225  1
7.235  0
7.245  0
7.255  0
7.265  0
7.275  1
7.285  0
7.295  1
7.305  0
7.315  1
7.325  1
7.335  0
7.345  0
7.355  0
7.365  0
7.375  0
7.385  1
7.395  0
7.405  0
7.415  2
7.425  0
7.435  1
7.445  0
7.455  0
7.465  0
7.475  0
7.485  0
7.495  1
7.505  0
7.515  0
7.525  1
7.535  3
7.545  0
7.555  0
7.565  0
7.575  0
7.585  0
7.595  0
7.605  0
7.615  0
7.625  2
7.635  0
7.645  0
7.655  1
7.665  0
7.675  1
7.685  0
7.695  1
7.705  0
7.715  0
7.725  0
7.735  0
7.745  0
7.755  0
7.765  0
7.775  0
7.785  1
7.795  2
7.805  0
7.815  0
7.825  0
7.835  0
7.845  0
7.855  0
7.865  1
7.875  0
7.885  0
7.895  0
7.905  0
7.915  1
7.925  0
7.935  0
7.945  0
7.955  0
7.965  0
7.975  0
7.985  0
7.995  2
8.005  0
8.015  0
8.025  0
8.035  0
8.045  1
8.055  3
8.065  0
8.075  0
8.085  0
8.095  1
8.105  0
8.115  0
8.125  1
8.135  0
8.145  0
8.155  1
8.165  1
8.175  1
8.185  2
8.195  0
8.205  1
8.215  0
8.225  0
8.235  0
8.245  0
8.255  1
8.265  0
8.275  0
8.285  3
8.295  0
8.305  0
8.315  0
8.325  0
8.335  0
8.345  0
8.355  0
8.365  0
8.375  0
8.385  1
8.395  2
8.405  1
8.415  0
8.425  0
8.435  0
8.445  0
8.455  0
8.465  2
8.475  0
8.485  2
8.495  1
8.505  0
8.515  0
8.525  0
8.535  0
8.545  0
8.555  0
8.565  0
8.575  2
8.585  0
8.595  0
8.605  0
8.615  3
8.625  3
8.635  0
8.645  0
8.655  4
8.665  0
8.675  2
8.685  0
8.695  0
8.705  2
8.715  0
8.725  1
8.735  0
8.745  0
8.755  5
8.765  0
8.775  0
8.785  13
8.795  0
8.805  14
8.815  29
8.825  20
8.835  19
8.845  52
8.855  43
8.865  43
8.875  11
8.885  21
8.895  33
8.905  0
8.915  0
8.925  0
8.935  34
8.945  34
8.955  123
8.965  248
8.975  352
8.985  623
8.995  839
9.005  1011
9.015  1030
9.025  878
9.035  717
9.045  535
9.055  336
9.065  248
9.075  108
9.085  133
9.095  98
9.105  197
9.115  344
9.125  557
9.135  713
9.145  904
9.155  909
9.165  957
9.175  751
9.185  525
9.195  428
9.205  280
9.215  227
9.225  274
9.235  365
9.245  800
9.255  1732
9.265  3292
9.275  5695
9.285  8265
9.295  10348
9.305  11220
9.315  10770
9.325  9257
9.335  7237
9.345  4900
9.355  3206
9.365  1982
9.375  1109
9.385  669
9.395  408
9.405  221
9.415  132
9.425  80
9.435  44
9.445  79
9.455  41
9.465  0
9.475  12
9.485  34
9.495  96
9.505  184
9.515  205
9.525  239
9.535  242
9.545  262
9.555  244
9.565  116
9.575  128
9.585  61
9.595  10
9.605  35
9.615  16
9.625  15
9.635  22
9.645  26
9.655  16
9.665  32
9.675  31
9.685  11
9.695  40
9.705  45
9.715  23
9.725  29
9.735  0
9.745  0
9.755  43
9.765  0
9.775  42
9.785  12
9.795  11
9.805  43
9.815  76
9.825  128
9.835  141
9.845  162
9.855  114
9.865  88
9.875  58
9.885  57
9.895  122
9.905  0
9.915  8
9.925  18
9.935  14
9.945  5
9.955  34
9.965  0
9.975  0
9.985  12
9.995  19
10.005  22
10.015  23
10.025  80
10.035  123
10.045  118
10.055  92
10.065  97
10.075  122
10.085  145
10.095  162
10.105  201
10.115  168
10.125  145
10.135  155
10.145  83
10.155  82
10.165  0
10.175  52
10.185  6
10.195  17
10.205  3
10.215  0
10.225  0
10.235  0
10.245  41
10.255  0
10.265  37
10.275  41
10.285  142
10.295  232
10.305  450
10.315  710
10.325  967
10.335  1232
10.345  1561
10.355  1611
10.365  1519
10.375  1342
10.385  1001
10.395  745
10.405  441
10.415  366
10.425  209
10.435  132
10.445  68
10.455  83
10.465  5
10.475  16
10.485  0
10.495  0
10.505  0
10.515  15
10.525  15
10.535  27
10.545  34
10.555  41
10.565  64
10.575  73
10.585  116
10.595  119
10.605  105
10.615  170
10.625  200
10.635  520
10.645  886
10.655  1403
10.665  1949
10.675  2195
10.685  2401
10.695  2107
10.705  1762
10.715  1446
10.725  1098
10.735  865
10.745  616
10.755  397
10.765  310
10.775  259
10.785  151
10.795  99
10.805  95
10.815  50
10.825  91
10.835  27
10.845  65
10.855  0
10.865  85
10.875  119
10.885  315
10.895  449
10.905  724
10.915  808
10.925  829
10.935  717
10.945  602
10.955  496
10.965  360
10.975  262
10.985  229
10.995  230
11.005  334
11.015  374
11.025  319
11.035  358
11.045  203
11.055  155
11.065  78
11.075  98
11.085  124
11.095  172
11.105  277
11.115  429
11.125  692
11.135  967
11.145  1220
11.155  1432
11.165  1500
11.175  1567
11.185  1506
11.195  1391
11.205  1347
11.215  1182
11.225  985
11.235  786
11.245  675
11.255  433
11.265  286
11.275  252
11.285  194
11.295  98
11.305  150
11.315  124
11.325  111
11.335  145
11.345  250
11.355  392
11.365  555
11.375  671
11.385  708
11.395  794
11.405  706
11.415  845
11.425  933
11.435  1102
11.445  1237
11.455  1234
11.465  1399
11.475  1780
11.485  2209
11.495  2647
11.505  3138
11.515  3346
11.525  3233
11.535  2788
11.545  2250
11.555  1683
11.565  1172
11.575  840
11.585  688
11.595  452
11.605  315
11.615  297
11.625  260
11.635  283
11.645  357
11.655  543
11.665  954
11.675  1545
11.685  2479
11.695  3393
11.705  4495
11.715  5185
11.725  5295
11.735  4754
11.745  3972
11.755  3018
11.765  2060
11.775  1561
11.785  1078
11.795  962
11.805  1075
11.815  1467
11.825  2055
11.835  2964
11.845  3681
11.855  4001
11.865  4183
11.875  3953
11.885  3428
11.895  2554
11.905  1940
11.915  1367
11.925  1003
11.935  801
11.945  694
11.955  623
11.965  639
11.975  675
11.985  689
11.995  727
12.005  667
12.015  629
12.025  627
12.035  614
12.045  609
12.055  602
12.065  580
12.075  587
12.085  631
12.095  544
12.105  437
12.115  439
12.125  440
12.135  331
12.145  275
12.155  135
12.165  103
12.175  124
12.185  42
12.195  69
12.205  60
12.215  58
12.225  105
12.235  86
12.245  163
12.255  175
12.265  189
12.275  162
12.285  114
12.295  48
12.305  60
12.315  79
12.325  0
12.335  0
12.345  9
12.355  0
12.365  29
12.375  35
12.385  89
12.395  163
12.405  163
12.415  304
12.425  422
12.435  459
12.445  565
12.455  598
12.465  670
12.475  624
12.485  496
12.495  430
12.505  404
12.515  338
12.525  334
12.535  435
12.545  570
12.555  708
12.565  813
12.575  861
12.585  730
12.595  641
12.605  575
12.615  408
12.625  405
12.635  337
12.645  347
12.655  437
12.665  404
12.675  377
12.685  371
12.695  480
12.705  540
12.715  670
12.725  835
12.735  990
12.745  1323
12.755  1660
12.765  2390
12.775  3421
12.785  4364
12.795  5327
12.805  5788
12.815  5666
12.825  4940
12.835  3977
12.845  2942
12.855  1996
12.865  1329
12.875  928
12.885  629
12.895  437
12.905  343
12.915  292
12.925  300
12.935  458
12.945  531
12.955  546
12.965  616
12.975  707
12.985  750
12.995  694
13.005  822
13.015  910
13.025  1060
13.035  1324
13.045  1518
13.055  1919
13.065  2103
13.075  2501
13.085  2788
13.095  2927
13.105  3282
13.115  3268
13.125  3126
13.135  2693
13.145  2477
13.155  2018
13.165  1759
13.175  1479
13.185  1134
13.195  826
13.205  767
13.215  560
13.225  486
13.235  455
13.245  439
13.255  449
13.265  530
13.275  657
13.285  734
13.295  919
13.305  1114
13.315  1316
13.325  1480
13.335  1459
13.345  1545
13.355  1383
13.365  1272
13.375  1095
13.385  982
13.395  808
13.405  765
13.415  649
13.425  640
13.435  529
13.445  548
13.455  452
13.465  410
13.475  377
13.485  294
13.495  241
13.505  250
13.515  256
13.525  217
13.535  221
13.545  172
13.555  271
13.565  243
13.575  258
13.585  217
13.595  269
13.605  242
13.615  278
13.625  419
13.635  476
13.645  642
13.655  705
13.665  880
13.675  1120
13.685  1337
13.695  1678
13.705  2054
13.715  2473
13.725  2920
13.735  3578
13.745  4071
13.755  4480
13.765  4594
13.775  4696
13.785  5092
13.795  5194
13.805  5523
13.815  5941
13.825  6926
13.835  7857
13.845  8928
13.855  9313
13.865  9667
13.875  9058
13.885  7797
13.895  6631
13.905  5080
13.915  3720
13.925  2509
13.935  1960
13.945  1354
13.955  1093
13.965  886
13.975  757
13.985  669
13.995  671
14.005  637
14.015  705
14.025  645
14.035  710
14.045  636
14.055  736
14.065  718
14.075  716
14.085  755
14.095  704
14.105  723
14.115  665
14.125  647
14.135  629
14.145  562
14.155  494
14.165  513
14.175  440
14.185  456
14.195  525
14.205  508
14.215  574
14.225  574
14.235  521
14.245  511
14.255  486
14.265  424
14.275  445
14.285  504
14.295  521
14.305  495
14.315  603
14.325  598
14.335  620
14.345  626
14.355  626
14.365  675
14.375  719
14.385  826
14.395  982
14.405  1214
14.415  1448
14.425  1689
14.435  1897
14.445  1942
14.455  1919
14.465  1781
14.475  1520
14.485  1217
14.495  1113
14.505  891
14.515  832
14.525  670
14.535  615
14.545  590
14.555  568
14.565  606
14.575  589
14.585  588
14.595  615
14.605  690
14.615  683
14.625  751
14.635  847
14.645  890
14.655  1013
14.665  1121
14.675  1280
14.685  1455
14.695  1579
14.705  1547
14.715  1641
14.725  1650
14.735  1509
14.745  1474
14.755  1503
14.765  1532
14.775  1658
14.785  1683
14.795  1666
14.805  1652
14.815  1564
14.825  1450
14.835  1253
14.845  999
14.855  790
14.865  732
14.875  524
14.885  491
14.895  495
14.905  393
14.915  483
14.925  438
14.935  455
14.945  447
14.955  483
14.965  429
14.975  495
14.985  469
14.995  510
15.005  538
15.015  530
15.025  593
15.035  571
15.045  694
15.055  696
15.065  727
15.075  893
15.085  985
15.095  1085
15.105  1129
15.115  1197
15.125  1377
15.135  1329
15.145  1417
15.155  1519
15.165  1614
15.175  1756
15.185  1830
15.195  1952
15.205  2245
15.215  2450
15.225  2788
15.235  3071
15.245  3546
15.255  3933
15.265  4502
15.275  4796
15.285  4676
15.295  4414
15.305  4141
15.315  3422
15.325  2851
15.335  2304
15.345  1916
15.355  1639
15.365  1381
15.375  1191
15.385  1110
15.395  958
15.405  955
15.415  894
15.425  751
15.435  695
15.445  606
15.455  500
15.465  472
15.475  445
15.485  383
15.495  365
15.505  384
15.515  270
15.525  299
15.535  231
15.545  291
15.555  356
15.565  290
15.575  341
15.585  379
15.595  423
15.605  452
15.615  505
15.625  699
15.635  789
15.645  870
15.655  890
15.665  1036
15.675  1153
15.685  1362
15.695  1558
15.705  1673
15.715  1857
15.725  2133
15.735  2120
15.745  2100
15.755  1978
15.765  1663
15.775  1491
15.785  1224
15.795  1053
15.805  880
15.815  763
15.825  633
15.835  543
15.845  606
15.855  503
15.865  490
15.875  514
15.885  511
15.895  480
15.905  479
15.915  487
15.925  481
15.935  492
15.945  464
15.955  475
15.965  485
15.975  556
15.985  627
15.995  654
16.005  724
16.015  696
16.025  690
16.035  674
16.045  661
16.055  690
16.065  653
16.075  580
16.085  600
16.095  625
16.105  614
16.115  650
16.125  640
16.135  707
16.145  777
16.155  769
16.165  817
16.175  927
16.185  939
16.195  976
16.205  1014
16.215  1014
16.225  1080
16.235  1116
16.245  1086
16.255  1146
16.265  1179
16.275  1136
16.285  1211
16.295  1155
16.305  1200
16.315  1179
16.325  1279
16.335  1208
16.345  1243
16.355  1216
16.365  1293
16.375  1305
16.385  1336
16.395  1394
16.405  1351
16.415  1513
16.425  1617
16.435  1725
16.445  1833
16.455  2042
16.465  2114
16.475  2212
16.485  2187
16.495  2084
16.505  2037
16.515  1796
16.525  1790
16.535  1618
16.545  1548
16.555  1503
16.565  1472
16.575  1467
16.585  1472
16.595  1551
16.605  1617
16.615  1730
16.625  1747
16.635  1783
16.645  1642
16.655  1673
16.665  1506
16.675  1560
16.685  1407
16.695  1424
16.705  1464
16.715  1597
16.725  1780
16.735  1889
16.745  2189
16.755  2325
16.765  2449
16.775  2645
16.785  2791
16.795  2861
16.805  3121
16.815  3291
16.825  3302
16.835  3598
16.845  3719
16.855  4108
16.865  4307
16.875  4352
16.885  4474
16.895  4651
16.905  4410
16.915  4435
16.925  4348
16.935  4368
16.945  4026
16.955  3754
16.965  3574
16.975  3378
16.985  3095
16.995  3007
17.005  2810
17.015  2686
17.025  2438
17.035  2325
17.045  2165
17.055  2048
17.065  1884
17.075  1910
17.085  1867
17.095  1760
17.105  1749
17.115  1637
17.125  1716
17.135  1617
17.145  1648
17.155  1630
17.165  1683
17.175  1655
17.185  1719
17.195  1977
17.205  2079
17.215  2269
17.225  2494
17.235  2701
17.245  2835
17.255  2991
17.265  3212
17.275  3144
17.285  3145
17.295  3172
17.305  3265
17.315  2979
17.325  2849
17.335  2845
17.345  2657
17.355  2530
17.365  2443
17.375  2173
17.385  2106
17.395  2004
17.405  1826
17.415  1833
17.425  1776
17.435  1749
17.445  1679
17.455  1748
17.465  1799
17.475  1838
17.485  2047
17.495  2082
17.505  2153
17.515  2221
17.525  2276
17.535  2288
17.545  2334
17.555  2320
17.565  2394
17.575  2324
17.585  2372
17.595  2482
17.605  2422
17.615  2744
17.625  2812
17.635  3122
17.645  3352
17.655  3422
17.665  3432
17.675  3436
17.685  3362
17.695  3212
17.705  2898
17.715  2733
17.725  2386
17.735  2258
17.745  1935
17.755  1840
17.765  1738
17.775  1641
17.785  1593
17.795  1479
17.805  1467
17.815  1362
17.825  1504
17.835  1433
17.845  1437
17.855  1400
17.865  1399
17.875  1272
17.885  1335
17.895  1346
17.905  1254
17.915  1298
17.925  1305
17.935  1370
17.945  1213
17.955  1281
17.965  1216
17.975  1273
17.985  1366
17.995  1429
18.005  1399
18.015  1607
18.025  1740
18.035  1879
18.045  1977
18.055  2083
18.065  2289
18.075  2313
18.085  2339
18.095  2451
18.105  2328
18.115  2233
18.125  2206
18.135  1941
18.145  1967
18.155  1835
18.165  1723
18.175  1606
18.185  1535
18.195  1456
18.205  1472
18.215  1406
18.225  1335
18.235  1317
18.245  1246
18.255  1277
18.265  1219
18.275  1338
18.285  1264
18.295  1311
18.305  1350
18.315  1342
18.325  1381
18.335  1402
18.345  1544
18.355  1479
18.365  1557
18.375  1583
18.385  1655
18.395  1676
18.405  1669
18.415  1679
18.425  1701
18.435  1798
18.445  1814
18.455  1978
18.465  2172
18.475  2183
18.485  2253
18.495  2435
18.505  2496
18.515  2539
18.525  2528
18.535  2601
18.545  2676
18.555  2776
18.565  2791
18.575  2812
18.585  2837
18.595  2935
18.605  2840
18.615  3101
18.625  3042
18.635  3242
18.645  3232
18.655  3146
18.665  3162
18.675  3129
18.685  3095
18.695  2809
18.705  2713
18.715  2510
18.725  2392
18.735  2247
18.745  2203
18.755  2127
18.765  1929
18.775  1864
18.785  1822
18.795  1722
18.805  1698
18.815  1684
18.825  1725
18.835  1702
18.845  1664
18.855  1765
18.865  1624
18.875  1754
18.885  1719
18.895  1787
18.905  1769
18.915  1845
18.925  1897
18.935  1955
18.945  1928
18.955  1891
18.965  1915
18.975  1751
18.985  1777
18.995  1731
19.005  1784
19.015  1753
19.025  1626
19.035  1665
19.045  1540
19.055  1612
19.065  1685
19.075  1706
19.085  1580
19.095  1552
19.105  1532
19.115  1542
19.125  1693
19.135  1669
19.145  1590
19.155  1651
19.165  1719
19.175  1824
19.185  1894
19.195  1872
19.205  2123
19.215  2530
19.225  3048
19.235  3870
19.245  4338
19.255  4586
19.265  4215
19.275  3516
19.285  2960
19.295  2722
19.305  2659
19.315  2780
19.325  2886
19.335  2943
19.345  2992
19.355  3095
19.365  3071
19.375  3048
19.385  2877
19.395  2821
19.405  2900
19.415  2769
19.425  2759
19.435  2678
19.445  2489
19.455  2501
19.465  2359
19.475  2313
19.485  2254
19.495  2124
19.505  2023
19.515  1918
19.525  1979
19.535  1763
19.545  1816
19.555  1696
19.565  1658
19.575  1668
19.585  1647
19.595  1683
19.605  1622
19.615  1671
19.625  1554
19.635  1687
19.645  1670
19.655  1614
19.665  1840
19.675  1780
19.685  1824
19.695  1907
19.705  1984
19.715  2048
19.725  2119
19.735  2056
19.745  1891
19.755  1980
19.765  1844
19.775  1876
19.785  1765
19.795  1673
19.805  1763
19.815  1771
19.825  1761
19.835  1620
19.845  1593
19.855  1743
19.865  1754
19.875  1665
19.885  1660
19.895  1751
19.905  1751
19.915  1713
19.925  1807
19.935  1770
19.945  1921
19.955  1861
19.965  1958
19.975  2044
19.985  1937
19.995  2010
20.005  2057
20.015  2057
20.025  2123
20.035  2065
20.045  2085
20.055  2023
20.065  2017
20.075  1974
20.085  1937
20.095  2014
20.105  1899
20.115  1963
20.125  1943
20.135  2002
20.145  1960
20.155  2016
20.165  1966
20.175  2074
20.185  2064
20.195  2007
20.205  2080
20.215  2089
20.225  2091
20.235  2105
20.245  2044
20.255  2184
20.265  2178
20.275  2288
20.285  2196
20.295  2242
20.305  2248
20.315  2318
20.325  2371
20.335  2138
20.345  2160
20.355  2082
20.365  2164
20.375  2020
20.385  1855
20.395  1660
20.405  1680
20.415  1508
20.425  1557
20.435  1490
20.445  1391
20.455  1412
20.465  1389
20.475  1342
20.485  1367
20.495  1402
20.505  1369
20.515  1376
20.525  1368
20.535  1370
20.545  1349
20.555  1392
20.565  1425
20.575  1374
20.585  1400
20.595  1439
20.605  1437
20.615  1485
20.625  1512
20.635  1469
20.645  1518
20.655  1404
20.665  1472
20.675  1361
20.685  1416
20.695  1467
20.705  1469
20.715  1542
20.725  1458
20.735  1410
20.745  1471
20.755  1526
20.765  1488
20.775  1524
20.785  1451
20.795  1487
20.805  1496
20.815  1450
20.825  1536
20.835  1579
20.845  1524
20.855  1606
20.865  1555
20.875  1492
20.885  1625
20.895  1566
20.905  1547
20.915  1525
20.925  1564
20.935  1447
20.945  1513
20.955  1479
20.965  1451
20.975  1490
20.985  1573
20.995  1467
21.005  1501
21.015  1405
21.025  1443
21.035  1501
21.045  1467
21.055  1431
21.065  1376
21.075  1432
21.085  1527
21.095  1479
21.105  1530
21.115  1468
21.125  1534
21.135  1553
21.145  1533
21.155  1647
21.165  1581
21.175  1620
21.185  1634
21.195  1744
21.205  1736
21.215  1897
21.225  1840
21.235  2016
21.245  2056
21.255  2057
21.265  2087
21.275  2060
21.285  2274
21.295  2293
21.305  2265
21.315  2333
21.325  2307
21.335  2285
21.345  2194
21.355  2383
21.365  2304
21.375  2211
21.385  2305
21.395  2268
21.405  2160
21.415  2070
21.425  1993
21.435  2116
21.445  1962
21.455  1937
21.465  2045
21.475  1919
21.485  1922
21.495  1853
21.505  1906
21.515  1880
21.525  1921
21.535  1909
21.545  2031
21.555  1980
21.565  1965
21.575  1963
21.585  1949
21.595  1900
21.605  1993
21.615  2004
21.625  1893
21.635  1954
21.645  1945
21.655  1867
21.665  1995
21.675  2035
21.685  1992
21.695  2010
21.705  1964
21.715  2031
21.725  2094
21.735  2013
21.745  2031
21.755  2069
21.765  1989
21.775  2104
21.785  2030
21.795  2025
21.805  1936
21.815  1911
21.825  1948
21.835  1872
21.845  1809
21.855  1861
21.865  1770
21.875  1815
21.885  1849
21.895  1784
21.905  1806
21.915  1705
21.925  1740
21.935  1711
21.945  1646
21.955  1698
21.965  1667
21.975  1729
21.985  1714
21.995  1632
22.005  1584
22.015  1747
22.025  1623
22.035  1696
22.045  1702
22.055  1635
22.065  1594
22.075  1603
22.085  1646
22.095  1703
22.105  1737
22.115  1710
22.125  1663
22.135  1659
22.145  1628
22.155  1620
22.165  1698
22.175  1794
22.185  1790
22.195  1748
22.205  1967
22.215  1835
22.225  1872
22.235  1942
22.245  1932
22.255  1849
22.265  1935
22.275  2029
22.285  1913
22.295  1928
22.305  1950
22.315  1932
22.325  1909
22.335  1898
22.345  1821
22.355  1843
22.365  1803
22.375  1776
22.385  1856
22.395  1863
22.405  1857
22.415  1846
22.425  1864
22.435  1770
22.445  1853
22.455  1869
22.465  1835
22.475  1822
22.485  1841
22.495  1868
22.505  1941
22.515  1902
22.525  1864
22.535  1889
22.545  1963
22.555  1848
22.565  1846
22.575  1784
22.585  1749
22.595  1682
22.605  1728
22.615  1636
22.625  1550
22.635  1590
22.645  1554
22.655  1528
22.665  1522
22.675  1539
22.685  1490
22.695  1468
22.705  1360
22.715  1350
22.725  1369
22.735  1349
22.745  1389
22.755  1453
22.765  1363
22.775  1424
22.785  1503
22.795  1460
22.805  1407
22.815  1501
22.825  1587
22.835  1556
22.845  1547
22.855  1517
22.865  1550
22.875  1490
22.885  1501
22.895  1501
22.905  1534
22.915  1590
22.925  1547
22.935  1589
22.945  1526
22.955  1575
22.965  1519
22.975  1508
22.985  1491
22.995  1505
23.005  1541
23.015  1567
23.025  1537
23.035  1530
23.045  1570
23.055  1588
23.065  1593
23.075  1618
23.085  1575
23.095  1627
23.105  1578
23.115  1572
23.125  1636
23.135  1623
23.145  1598
23.155  1580
23.165  1634
23.175  1626
23.185  1660
23.195  1682
23.205  1629
23.215  1618
23.225  1513
23.235  1622
23.245  1589
23.255  1579
23.265  1602
23.275  1653
23.285  1575
23.295  1531
23.305  1668
23.315  1585
23.325  1697
23.335  1649
23.345  1534
23.355  1533
23.365  1618
23.375  1526
23.385  1549
23.395  1496
23.405  1517
23.415  1494
23.425  1447
23.435  1543
23.445  1587
23.455  1508
23.465  1575
23.475  1527
23.485  1586
23.495  1457
23.505  1504
23.515  1574
23.525  1574
23.535  1648
23.545  1600
23.555  1568
23.565  1501
23.575  1648
23.585  1574
23.595  1505
23.605  1463
23.615  1455
23.625  1495
23.635  1534
23.645  1507
23.655  1579
23.665  1504
23.675  1512
23.685  1608
23.695  1651
23.705  1583
23.715  1615
23.725  1636
23.735  1594
23.745  1636
23.755  1626
23.765  1709
23.775  1662
23.785  1656
23.795  1741
23.805  1715
23.815  1659
23.825  1695
23.835  1808
23.845  1749
23.855  1725
23.865  1640
23.875  1742
23.885  1816
23.895  1746
23.905  1784
23.915  1837
23.925  1776
23.935  1791
23.945  1824
23.955  1769
23.965  1800
23.975  1782
23.985  1780
23.995  1734
24.005  1719
24.015  1696
24.025  1677
24.035  1727
24.045  1652
24.055  1668
24.065  1680
24.075  1635
24.085  1628
24.095  1581
24.105  1518
24.115  1534
24.125  1479
24.135  1489
24.145  1585
24.155  1440
24.165  1471
24.175  1496
24.185  1499
24.195  1494
24.205  1371
24.215  1438
24.225  1424
24.235  1400
24.245  1440
24.255  1452
24.265  1474
24.275  1328
24.285  1379
24.295  1410
24.305  1455
24.315  1389
24.325  1415
24.335  1399
24.345  1522
24.355  1384
24.365  1425
24.375  1391
24.385  1442
24.395  1359
24.405  1437
24.415  1387
24.425  1432
24.435  1399
24.445  1537
24.455  1458
24.465  1389
24.475  1445
24.485  1494
24.495  1487
24.505  1400
24.515  1510
24.525  1493
24.535  1395
24.545  1497
24.555  1433
24.565  1401
24.575  1526
24.585  1468
24.595  1537
24.605  1523
24.615  1453
24.625  1445
24.635  1457
24.645  1507
24.655  1471
24.665  1403
24.675  1417
24.685  1500
24.695  1453
24.705  1413
24.715  1522
24.725  1454
24.735  1445
24.745  1403
24.755  1450
24.765  1506
24.775  1449
24.785  1385
24.795  1345
24.805  1339
24.815  1413
24.825  1403
24.835  1469
24.845  1431
24.855  1447
24.865  1422
24.875  1360
24.885  1495
24.895  1382
24.905  1323
24.915  1413
24.925  1480
24.935  1434
24.945  1481
24.955  1451
24.965  1517
24.975  1492
24.985  1357
24.995  1401
25.005  1504
25.015  1427
25.025  1418
25.035  1440
25.045  1490
25.055  1510
25.065  1464
25.075  1513
25.085  1455
25.095  1510
25.105  1548
25.115  1553
25.125  1477
25.135  1509
25.145  1539
25.155  1442
25.165  1506
25.175  1479
25.185  1578
25.195  1505
25.205  1479
25.215  1560
25.225  1619
25.235  1613
25.245  1564
25.255  1615
25.265  1642
25.275  1524
25.285  1558
25.295  1496
25.305  1564
25.315  1596
25.325  1459
25.335  1516
25.345  1535
25.355  1541
25.365  1551
25.375  1560
25.385  1473
25.395  1512
25.405  1449
25.415  1459
25.425  1460
25.435  1438
25.445  1403
25.455  1390
25.465  1432
25.475  1396
25.485  1425
25.495  1320
25.505  1300
25.515  1325
25.525  1312
25.535  1226
25.545  1146
25.555  1252
25.565  1193
25.575  1168
25.585  1168
25.595  1169
25.605  1185
25.615  992
25.625  1062
25.635  921
25.645  966
25.655  999
25.665  968
25.675  895
25.685  889
25.695  879
25.705  828
25.715  773
25.725  705
25.735  739
25.745  728
25.755  646
25.765  698
25.775  573
25.785  597
25.795  549
25.805  513
25.815  492
25.825  442
25.835  434
25.845  372
25.855  273
25.865  302
25.875  277
25.885  239
25.895  186
25.905  185
25.915  122
25.925  117
25.935  77
25.945  67
25.955  53
25.965  44
25.975  22
25.985  15
25.995  17
26.005  12
26.015  13
26.025  16
26.035  10
26.045  4
26.055  4
26.065  5
26.075  5
26.085  3
26.095  2
26.105  1
26.115  1
26.125  0
26.135  0
26.145  1
26.155  0
26.165  1
26.175  1
26.185  0
26.195  0
26.205  0
26.215  1
26.225  0
26.235  1
26.245  0
26.255  0
26.265  0
26.275  0
26.285  0
26.295  0
26.305  0
26.315  0
26.325  0
26.335  0
26.345  0
26.355  0
26.365  0
26.375  0
26.385  0
26.395  0
26.405  0
26.415  1
26.425  0
26.435  0
26.445  0
26.455  0
26.465  0
26.475  0
26.485  0
26.495  0
26.505  0
26.515  0
26.525  0
26.535  0
26.545  0
26.555  0
26.565  0
26.575  0
26.585  0
26.595  0
26.605  0
26.615  0
26.625  0
26.635  0
26.645  0
26.655  0
26.665  0
26.675  0
26.685  0
26.695  0
26.705  0
26.715  0
26.725  0
26.735  0
26.745  0
26.755  0
26.765  0
26.775  0
26.785  0
26.795  0
26.805  0
26.815  0
26.825  0
26.835  0
26.845  0
26.855  0
26.865  0
26.875  0
26.885  0
26.895  0
26.905  0
26.915  0
26.925  0
26.935  0
26.945  0
26.955  0
26.965  0
26.975  0
26.985  0
26.995  0
27.005  0
27.015  0
27.025  0
27.035  0
27.045  0
27.055  0
27.065  0
27.075  0
27.085  0
27.095  0
27.105  0
27.115  0
27.125  0
27.135  0
27.145  0
27.155  0
27.165  0
27.175  0
27.185  0
27.195  0
27.205  0
27.215  0
27.225  1
27.235  0
27.245  0
27.255  0
27.265  0
27.275  0
27.285  0
27.295  0
27.305  0
27.315  0
27.325  0
27.335  0
27.345  0
27.355  0
27.365  0
27.375  0
27.385  0
27.395  0
27.405  0
27.415  0
27.425  0
27.435  0
27.445  0
27.455  0
27.465  0
27.475  0
27.485  0
27.495  0
27.505  0
27.515  0
27.525  0
27.535  0
27.545  0
27.555  0
27.565  0
27.575  0
27.585  0
27.595  0
27.605  0
27.615  0
27.625  0
27.635  0
27.645  0
27.655  0
27.665  0
27.675  0
27.685  0
27.695  0
27.705  0
27.715  0
27.725  0
27.735  0
27.745  0
27.755  0
27.765  0
27.775  0
27.785  0
27.795  0
27.805  0
27.815  0
27.825  0
27.835  0
27.845  0
27.855  0
27.865  0
27.875  0
27.885  0
27.895  0
27.905  0
27.915  0
27.925  0
27.935  0
27.945  0
27.955  0
27.965  0
27.975  0
27.985  0
27.995  0
28.005  0
28.015  0
28.025  0
28.035  0
28.045  0
28.055  0
28.065  0
28.075  0
28.085  0
28.095  0
28.105  0
28.115  0
28.125  0
28.135  0
28.145  0
28.155  0
28.165  0
28.175  0
28.185  0
28.195  0
28.205  0
28.215  0
28.225  0
28.235  0
28.245  0
28.255  0
28.265  0
28.275  0
28.285  0
28.295  0
28.305  0
28.315  0
28.325  0
28.335  0
28.345  0
28.355  0
28.365  0
28.375  0
28.385  0
28.395  0
28.405  0
28.415  0
28.425  0
28.435  0
28.445  0
28.455  0
28.465  0
28.475  0
28.485  0
28.495  0
28.505  0
28.515  0
28.525  0
28.535  0
28.545  0
28.555  0
28.565  0
28.575  0
28.585  0
28.595  0
28.605  0
28.615  0
28.625  0
28.635  0
28.645  0
28.655  0
28.665  0
28.675  0
28.685  0
28.695  0
28.705  0
28.715  0
28.725  0
28.735  0
28.745  0
28.755  0
28.765  0
28.775  0
28.785  1
28.795  0
28.805  0
28.815  0
28.825  0
28.835  0
28.845  0
28.855  0
28.865  0
28.875  0
28.885  0
28.895  0
28.905  0
28.915  0
28.925  0
28.935  0
28.945  0
28.955  0
28.965  0
28.975  0
28.985  0
28.995  0
29.005  0
29.015  0
29.025  0
29.035  0
29.045  0
29.055  0
29.065  0
29.075  0
29.085  0
29.095  0
29.105  0
29.115  0
29.125  0
29.135  0
29.145  0
29.155  0
29.165  0
29.175  0
29.185  0
29.195  0
29.205  0
29.215  0
29.225  0
29.235  0
29.245  0
29.255  0
29.265  0
29.275  0
29.285  0
29.295  0
29.305  0
29.315  0
29.325  0
29.335  0
29.345  0
29.355  0
29.365  0
29.375  0
29.385  0
29.395  0
29.405  0
29.415  0
29.425  0
29.435  0
29.445  0
29.455  0
29.465  0
29.475  0
29.485  0
29.495  0
29.505  0
29.515  0
29.525  0
29.535  0
29.545  0
29.555  0
29.565  0
29.575  0
29.585  0
29.595  0
29.605  0
29.615  0
29.625  0
29.635  0
29.645  0
29.655  0
29.665  0
29.675  0
29.685  0
29.695  0
29.705  0
29.715  0
29.725  0
29.735  0
29.745  0
29.755  0
29.765  0
29.775  0
29.785  0
29.795  0
29.805  0
29.815  0
29.825  0
29.835  0
29.845  0
29.855  0
29.865  0
29.875  0
29.885  0
29.895  0
29.905  0
29.915  0
29.925  0
29.935  0
29.945  0
29.955  0
29.965  0
29.975  0
29.985  0
