-0.005  0
0.005  0.475386
0.015  0
0.025  0
0.035  0
0.045  0
0.055  0
0.065  0
0.075  0
0.085  0
0.095  0
0.105  0
0.115  0
0.125  0
0.135  0
0.145  0
0.155  0
0.165  0
0.175  0
0.185  0
0.195  0
0.205  0
0.215  0
0.225  0
0.235  0
0.245  0
0.255  0
0.265  0
0.275  0
0.285  0
0.295  0
0.305  0
0.315  0
0.325  0
0.335  0
0.345  0
0.355  0
0.365  0
0.375  0
0.385  0
0.395  0
0.405  0
0.415  0
0.425  0
0.435  0
0.445  0
0.455  0
0.465  0
0.475  0
0.485  0
0.495  0
0.505  0
0.515  0
0.525  0
0.535  0
0.545  0
0.555  0
0.565  0
0.575  0
0.585  0
0.595  0
0.605  0
0.615  0
0.625  0
0.635  0
0.645  0
0.655  0
0.665  0
0.675  0
0.685  0
0.695  0
0.705  0
0.715  0
0.725  0
0.735  0
0.745  0
0.755  0
0.765  0
0.775  0
0.785  0
0.795  0
0.805  0
0.815  0
0.825  0
0.835  0
0.845  0
0.855  0
0.865  0
0.875  0
0.885  0
0.895  0
0.905  0
0.915  0
0.925  0
0.935  0
0.945  0
0.955  0
0.965  0
0.975  0
0.985  0
0.995  0
1.005  0
1.015  0
1.025  0
1.035  0
1.045  0
1.055  0
1.065  0
1.075  0
1.085  0
1.095  0
1.105  0
1.115  0
1.125  0
1.135  0
1.145  0
1.155  0
1.165  0
1.175  0
1.185  0
1.195  0
1.205  0
1.215  0
1.225  0
1.235  0
1.245  0
1.255  0
1.265  0
1.275  0
1.285  0
1.295  0
1.305  0
1.315  0
1.325  0
1.335  0
1.345  0
1.355  0
1.365  0
1.375  0
1.385  0
1.395  0
1.405  0
1.415  0
1.425  0
1.435  0
1.445  0
1.455  0
1.465  0
1.475  0
1.485  0
1.495  0
1.505  0
1.515  0
1.525  0
1.535  0
1.545  0
1.555  0
1.565  0
1.575  0
1.585  0
1.595  0
1.605  0
1.615  0
1.625  0
1.635  0
1.645  0
1.655  0
1.665  0
1.675  0
1.685  0
1.695  0
1.705  0
1.715  0
1.725  0
1.735  0
1.745  0
1.755  0
1.765  0
1.775  0
1.785  0
1.795  0
1.805  0
1.815  0
1.825  0
1.835  0
1.845  0
1.855  0
1.865  0
1.875  0
1.885  0
1.895  0
1.905  0
1.915  0
1.925  0
1.935  0
1.945  0
1.955  0
1.965  0
1.975  0
1.985  0
1.995  0
2.005  0
2.015  0
2.025  0
2.035  0
2.045  0
2.055  0
2.065  0
2.075  0
2.085  0
2.095  0
2.105  0
2.115  0
2.125  0
2.135  0
2.145  0
2.155  0
2.165  0
2.175  0
2.185  0
2.195  0
2.205  0
2.215  0
2.225  0
2.235  0
2.245  0
2.255  0
2.265  0
2.275  0
2.285  0
2.295  0
2.305  0
2.315  0
2.325  0
2.335  0
2.345  0
2.355  0
2.365  0
2.375  0
2.385  0
2.395  0
2.405  0
2.415  0
2.425  0
2.435  0
2.445  0
2.455  0
2.465  0
2.475  0
2.485  0
2.495  0
2.505  0
2.515  0
2.525  0
2.535  0
2.545  0
2.555  0
2.565  0
2.575  0
2.585  0
2.595  0
2.605  0
2.615  0
2.625  0
2.635  0
2.645  0
2.655  0
2.665  0
2.675  0
2.685  0
2.695  0
2.705  0
2.715  0
2.725  0
2.735  0
2.745  0
2.755  0
2.765  0
2.775  0
2.785  0
2.795  0
2.805  0
2.815  0
2.825  0
2.835  0
2.845  0
2.855  0
2.865  0
2.875  0
2.885  0
2.895  0
2.905  0
2.915  0
2.925  0
2.935  0
2.945  0
2.955  0
2.965  0
2.975  0
2.985  0
2.995  0
3.005  0
3.015  0
3.025  0
3.035  0
3.045  0
3.055  0
3.065  0
3.075  0
3.085  0
3.095  0
3.105  0
3.115  0
3.125  0
3.135  0
3.145  0
3.155  0
3.165  0
3.175  0
3.185  0
3.195  0
3.205  0
3.215  0
3.225  0
3.235  0
3.245  0
3.255  0
3.265  0
3.275  0
3.285  0
3.295  0
3.305  0
3.315  0
3.325  0
3.335  0
3.345  0
3.355  0
3.365  0
3.375  0
3.385  0
3.395  0
3.405  0
3.415  0
3.425  0
3.435  0
3.445  0
3.455  0
3.465  0
3.475  0
3.485  0
3.495  0
3.505  0
3.515  0
3.525  0
3.535  0
3.545  0
3.555  0
3.565  0
3.575  0
3.585  0
3.595  0
3.605  0
3.615  0
3.625  0
3.635  0
3.645  0
3.655  0
3.665  0
3.675  0
3.685  0
3.695  0
3.705  0
3.715  0
3.725  0
3.735  0
3.745  0
3.755  0
3.765  0
3.775  0
3.785  0
3.795  0
3.805  0
3.815  0
3.825  0
3.835  0
3.845  0
3.855  0
3.865  0
3.875  0
3.885  0
3.895  0
3.905  0
3.915  0
3.925  0
3.935  0
3.945  0
3.955  0
3.965  0
3.975  0
3.985  0
3.995  0
4.005  0
4.015  0
4.025  0
4.035  0
4.045  0
4.055  0
4.065  0
4.075  0
4.085  0
4.095  0
4.105  0
4.115  0
4.125  0
4.135  0
4.145  0
4.155  0
4.165  0
4.175  0
4.185  0
4.195  0
4.205  0
4.215  0
4.225  0
4.235  0
4.245  0
4.255  0
4.265  0
4.275  0
4.285  0
4.295  0
4.305  0
4.315  0
4.325  0
4.335  0
4.345  0
4.355  0
4.365  0
4.375  0
4.385  0
4.395  0
4.405  0
4.415  0
4.425  0
4.435  0
4.445  0
4.455  0
4.465  0
4.475  0
4.485  0
4.495  0
4.505  0
4.515  0
4.525  0
4.535  0
4.545  0
4.555  0
4.565  0
4.575  0
4.585  0
4.595  0
4.605  0
4.615  0
4.625  0
4.635  0
4.645  0
4.655  0
4.665  0
4.675  0
4.685  0
4.695  0
4.705  0
4.715  0
4.725  0
4.735  0
4.745  0
4.755  0
4.765  0
4.775  0
4.785  0
4.795  0
4.805  0
4.815  0
4.825  0
4.835  0
4.845  0
4.855  0
4.865  0
4.875  0
4.885  0
4.895  0
4.905  0
4.915  0
4.925  0
4.935  0
4.945  0
4.955  0
4.965  0
4.975  0
4.985  0
4.995  0
5.005  0
5.015  0
5.025  0
5.035  0
5.045  0
5.055  0
5.065  0
5.075  0
5.085  0
5.095  0
5.105  0
5.115  0
5.125  0
5.135  0
5.145  0
5.155  0
5.165  0
5.175  0
5.185  0
5.195  0
5.205  0
5.215  0
5.225  0
5.235  0
5.245  0
5.255  0
5.265  0
5.275  0
5.285  0
5.295  0
5.305  0
5.315  0
5.325  0
5.335  0
5.345  0
5.355  0
5.365  0
5.375  0
5.385  0
5.395  0
5.405  0
5.415  0
5.425  0
5.435  0
5.445  0
5.455  0
5.465  0
5.475  0
5.485  0
5.495  0
5.505  0
5.515  0
5.525  -0.0093213
5.535  0
5.545  -0.0093213
5.555  0
5.565  0
5.575  0
5.585  0
5.595  0.0186426
5.605  0
5.615  0
5.625  0
5.635  0
5.645  -0.0093213
5.655  0.0093213
5.665  0
5.675  0
5.685  0
5.695  0
5.705  0
5.715  0
5.725  0
5.735  -0.0093213
5.745  0
5.755  0
5.765  0
5.775  0
5.785  0.0093213
5.795  0.0093213
5.805  0
5.815  0
5.825  0
5.835  0
5.845  0
5.855  -0.0093213
5.865  0.0186426
5.875  -0.0093213
5.885  0.0093213
5.895  0.0093213
5.905  -0.0093213
5.915  0.0093213
5.925  -0.0093213
5.935  0
5.945  0.0093213
5.955  0
5.965  0
5.975  0
5.985  -0.0093213
5.995  0
6.005  0
6.015  0
6.025  0.0093213
6.035  0
6.045  0.0093213
6.055  0
6.065  0.0186426
6.075  0
6.085  0
6.095  0.0093213
6.105  0
6.115  0
6.125  0
6.135  0
6.145  -0.0093213
6.155  0
6.165  0.0093213
6.175  0
6.185  -0.0093213
6.195  0.0093213
6.205  0
6.215  0
6.225  -0.0093213
6.235  0
6.245  0
6.255  0
6.265  -0.0093213
6.275  0.0093213
6.285  0.0093213
6.295  0
6.305  0
6.315  0
6.325  -0.0093213
6.335  0
6.345  0
6.355  0
6.365  0
6.375  -0.0093213
6.385  -0.0093213
6.395  0.0093213
6.405  0
6.415  0
6.425  0.0093213
6.435  0.0093213
6.445  0
6.455  0
6.465  0
6.475  0
6.485  0
6.495  0.0093213
6.505  0
6.515  0
6.525  0
6.535  0
6.545  0.0093213
6.555  0
6.565  0.0093213
6.575  0
6.585  0.0186426
6.595  0
6.605  0
6.615  0
6.625  0
6.635  0
6.645  0
6.655  0.0093213
6.665  0
6.675  0
6.685  0
6.695  0
6.705  0
6.715  0.0186426
6.725  0
6.735  -0.0093213
6.745  0
6.755  0
6.765  0
6.775  0.0093213
6.785  0
6.795  0
6.805  0
6.815  -0.0093213
6.825  0
6.835  0.0093213
6.845  0.0093213
6.855  0
6.865  0
6.875  -0.0093213
6.885  0
6.895  0
6.905  0
6.915  0
6.925  0
6.935  -0.0093213
6.945  0
6.955  0
6.965  0
6.975  0
6.985  0
6.995  0
7.005  0
7.015  0
7.025  0
7.035  0.0093213
7.045  0
7.055  0
7.065  0
7.075  0
7.085  0
7.095  0
7.105  0.0093213
7.115  0
7.125  0.0186426
7.135  0.0093213
7.145  0
7.155  0
7.165  0
7.175  0
7.185  0.0279639
7.195  0
7.205  0
7.215  -0.0093213
7.225  0.0093213
7.235  0
7.245  0
7.255  0
7.265  0
7.275  0.0093213
7.285  0
7.295  0.0093213
7.305  0
7.315  0.0093213
7.325  0.0093213
7.335  0
7.345  0
7.355  0
7.365  0
7.375  -0.0093213
7.385  0.0093213
7.395  0
7.405  0
7.415  0.0186426
7.425  -0.0093213
7.435  0.0093213
7.445  0
7.455  0
7.465  0
7.475  0
7.485  0
7.495  0.0093213
7.505  -0.0093213
7.515  0
7.525  0.0093213
7.535  0.0279639
7.545  -0.0093213
7.555  -0.0093213
7.565  0
7.575  0
7.585  0
7.595  0
7.605  0
7.615  0
7.625  0.0186426
7.635  0
7.645  0
7.655  0.0093213
7.665  -0.0093213
7.675  0.0093213
7.685  0
7.695  0.0093213
7.705  -0.0093213
7.715  -0.0093213
7.725  0
7.735  -0.0093213
7.745  0
7.755  -0.0093213
7.765  0
7.775  0
7.785  0.0093213
7.795  0.0186426
7.805  0
7.815  0
7.825  0
7.835  0
7.845  0
7.855  -0.0093213
7.865  0.0093213
7.875  0
7.885  0
7.895  -0.0093213
7.905  0
7.915  0.0093213
7.925  0
7.935  0
7.945  -0.0093213
7.955  0
7.965  0
7.975  0
7.985  0
7.995  0.0186426
8.005  0
8.015  0
8.025  -0.0093213
8.035  0
8.045  0.0093213
8.055  0.0279639
8.065  -0.0093213
8.075  0
8.085  0
8.095  0.0093213
8.105  0
8.115  0
8.125  0.0093213
8.135  0
8.145  -0.0093213
8.155  0.0093213
8.165  0.0093213
8.175  0.0093213
8.185  0.0186426
8.195  -0.0186426
8.205  0.0093213
8.215  -0.0093213
8.225  0
8.235  -0.0093213
8.245  0
8.255  0.0093213
8.265  -0.0093213
8.275  -0.0093213
8.285  0.0279639
8.295  0
8.305  0
8.315  0
8.325  0
8.335  0
8.345  0
8.355  0
8.365  0
8.375  0
8.385  0.0093213
8.395  0.0186426
8.405  0.0093213
8.415  -0.0093213
8.425  -0.0093213
8.435  0
8.445  0
8.455  -0.0093213
8.465  0.0186426
8.475  -0.0093213
8.485  0.0186426
8.495  0.0093213
8.505  -0.0093213
8.515  0
8.525  0
8.535  -0.0093213
8.545  0
8.555  -0.0186426
8.565  0
8.575  0.0186426
8.585  0
8.595  0
8.605  -0.0093213
8.615  0.0279639
8.625  0.0279639
8.635  0
8.645  0
8.655  0.0372852
8.665  0
8.675  0.0186426
8.685  -0.0093213
8.695  -0.0093213
8.705  0.0186426
8.715  -0.0093213
8.725  0.0093213
8.735  -0.0093213
8.745  -0.0279639
8.755  0.0466065
8.765  0
8.775  -0.0093213
8.785  0.121177
8.795  -0.0186426
8.805  0.130498
8.815  0.270318
8.825  0.186426
8.835  0.177105
8.845  0.484708
8.855  0.400816
8.865  0.400816
8.875  0.102534
8.885  0.195747
8.895  0.307603
8.905  -0.0279639
8.915  -0.0279639
8.925  -0.0745704
8.935  0.316924
8.945  0.316924
8.955  1.14652
8.965  2.31168
8.975  3.2811
8.985  5.80717
8.995  7.82057
9.005  9.42383
9.015  9.60094
9.025  8.1841
9.035  6.68337
9.045  4.9869
9.055  3.13196
9.065  2.31168
9.075  1.0067
9.085  1.23973
9.095  0.913487
9.105  1.8363
9.115  3.20653
9.125  5.19196
9.135  6.64609
9.145  8.42646
9.155  8.47306
9.165  8.92048
9.175  7.0003
9.185  4.89368
9.195  3.98952
9.205  2.60996
9.215  2.11594
9.225  2.55404
9.235  3.40227
9.245  7.45704
9.255  16.1445
9.265  30.6857
9.275  53.0848
9.285  77.0406
9.295  96.4568
9.305  104.585
9.315  100.39
9.325  86.2873
9.335  67.4583
9.345  45.6744
9.355  29.8841
9.365  18.4748
9.375  10.3373
9.385  6.23595
9.395  3.80309
9.405  2.06001
9.415  1.23041
9.425  0.745704
9.435  0.410137
9.445  0.736383
9.455  0.382173
9.465  -0.0186426
9.475  0.111856
9.485  0.316924
9.495  0.894845
9.505  1.71512
9.515  1.91087
9.525  2.22779
9.535  2.25575
9.545  2.44218
9.555  2.2744
9.565  1.08127
9.575  1.19313
9.585  0.568599
9.595  0.093213
9.605  0.326246
9.615  0.149141
9.625  0.13982
9.635  0.205069
9.645  0.242354
9.655  0.149141
9.665  0.298282
9.675  0.28896
9.685  0.102534
9.695  0.372852
9.705  0.419459
9.715  0.21439
9.725  0.270318
9.735  -0.0093213
9.745  -0.494029
9.755  0.400816
9.765  -0.0093213
9.775  0.391495
9.785  0.111856
9.795  0.102534
9.805  0.400816
9.815  0.708419
9.825  1.19313
9.835  1.3143
9.845  1.51005
9.855  1.06263
9.865  0.820274
9.875  0.540635
9.885  0.531314
9.895  1.1372
9.905  -0.0652491
9.915  0.0745704
9.925  0.167783
9.935  0.130498
9.945  0.0466065
9.955  0.316924
9.965  -0.177105
9.975  -0.21439
9.985  0.111856
9.995  0.177105
10.005  0.205069
10.015  0.21439
10.025  0.745704
10.035  1.14652
10.045  1.09991
10.055  0.85756
10.065  0.904166
10.075  1.1372
10.085  1.35159
10.095  1.51005
10.105  1.87358
10.115  1.56598
10.125  1.35159
10.135  1.4448
10.145  0.773668
10.155  0.764347
10.165  -0.0186426
10.175  0.484708
10.185  0.0559278
10.195  0.158462
10.205  0.0279639
10.215  -0.158462
10.225  -0.167783
10.235  0
10.245  0.382173
10.255  -0.177105
10.265  0.344888
10.275  0.382173
10.285  1.32362
10.295  2.16254
10.305  4.19459
10.315  6.61812
10.325  9.0137
10.335  11.4838
10.345  14.5505
10.355  15.0166
10.365  14.1591
10.375  12.5092
10.385  9.33062
10.395  6.94437
10.405  4.11069
10.415  3.4116
10.425  1.94815
10.435  1.23041
10.445  0.633848
10.455  0.773668
10.465  0.0466065
10.475  0.149141
10.485  -0.0838917
10.495  -0.111856
10.505  -0.121177
10.515  0.13982
10.525  0.13982
10.535  0.251675
10.545  0.316924
10.555  0.382173
10.565  0.596563
10.575  0.680455
10.585  1.08127
10.595  1.10923
10.605  0.978737
10.615  1.58462
10.625  1.86426
10.635  4.84708
10.645  8.25867
10.655  13.0778
10.665  18.1672
10.675  20.4603
10.685  22.3804
10.695  19.64
10.705  16.4241
10.715  13.4786
10.725  10.2348
10.735  8.06292
10.745  5.74192
10.755  3.70056
10.765  2.8896
10.775  2.41422
10.785  1.40752
10.795  0.922809
10.805  0.885523
10.815  0.466065
10.825  0.848238
10.835  0.251675
10.845  0.605884
10.855  -0.0186426
10.865  0.792311
10.875  1.10923
10.885  2.93621
10.895  4.18526
10.905  6.74862
10.915  7.53161
10.925  7.72736
10.935  6.68337
10.945  5.61142
10.955  4.62336
10.965  3.35567
10.975  2.44218
10.985  2.13458
10.995  2.1439
11.005  3.11331
11.015  3.48617
11.025  2.97349
11.035  3.33703
11.045  1.89222
11.055  1.4448
11.065  0.727061
11.075  0.913487
11.085  1.15584
11.095  1.60326
11.105  2.582
11.115  3.99884
11.125  6.45034
11.135  9.0137
11.145  11.372
11.155  13.3481
11.165  13.982
11.175  14.6065
11.185  14.0379
11.195  12.9659
11.205  12.5558
11.215  11.0178
11.225  9.18148
11.235  7.32654
11.245  6.29188
11.255  4.03612
11.265  2.66589
11.275  2.34897
11.285  1.80833
11.295  0.913487
11.305  1.3982
11.315  1.15584
11.325  1.03466
11.335  1.35159
11.345  2.33033
11.355  3.65395
11.365  5.17332
11.375  6.25459
11.385  6.59948
11.395  7.40111
11.405  6.58084
11.415  7.8765
11.425  8.69677
11.435  10.2721
11.445  11.5304
11.455  11.5025
11.465  13.0405
11.475  16.5919
11.485  20.5908
11.495  24.6735
11.505  29.2502
11.515  31.1891
11.525  30.1358
11.535  25.9878
11.545  20.9729
11.555  15.6877
11.565  10.9246
11.575  7.82989
11.585  6.41305
11.595  4.21323
11.605  2.93621
11.615  2.76843
11.625  2.42354
11.635  2.63793
11.645  3.3277
11.655  5.06147
11.665  8.89252
11.675  14.4014
11.685  23.1075
11.695  31.6272
11.705  41.8992
11.715  48.3309
11.725  49.3563
11.735  44.3135
11.745  37.0242
11.755  28.1317
11.765  19.2019
11.775  14.5505
11.785  10.0484
11.795  8.96709
11.805  10.0204
11.815  13.6743
11.825  19.1553
11.835  27.6283
11.845  34.3117
11.855  37.2945
11.865  38.991
11.875  36.8471
11.885  31.9534
11.895  23.8066
11.905  18.0833
11.915  12.7422
11.925  9.34926
11.935  7.46636
11.945  6.46898
11.955  5.80717
11.965  5.95631
11.975  6.29188
11.985  6.42238
11.995  6.77659
12.005  6.21731
12.015  5.8631
12.025  5.84446
12.035  5.72328
12.045  5.67667
12.055  5.61142
12.065  5.40635
12.075  5.4716
12.085  5.88174
12.095  5.07079
12.105  4.07341
12.115  4.09205
12.125  4.10137
12.135  3.08535
12.145  2.56336
12.155  1.25838
12.165  0.960094
12.175  1.15584
12.185  0.391495
12.195  0.64317
12.205  0.559278
12.215  0.540635
12.225  0.978737
12.235  0.801632
12.245  1.51937
12.255  1.63123
12.265  1.76173
12.275  1.51005
12.285  1.06263
12.295  0.447422
12.305  0.559278
12.315  0.736383
12.325  -0.0186426
12.335  -0.177105
12.345  0.0838917
12.355  -0.0559278
12.365  0.270318
12.375  0.326246
12.385  0.829596
12.395  1.51937
12.405  1.51937
12.415  2.83368
12.425  3.93359
12.435  4.27848
12.445  5.26653
12.455  5.57414
12.465  6.24527
12.475  5.81649
12.485  4.62336
12.495  4.00816
12.505  3.76581
12.515  3.1506
12.525  3.11331
12.535  4.05477
12.545  5.31314
12.555  6.59948
12.565  7.57822
12.575  8.02564
12.585  6.80455
12.595  5.97495
12.605  5.35975
12.615  3.80309
12.625  3.77513
12.635  3.14128
12.645  3.23449
12.655  4.07341
12.665  3.76581
12.675  3.51413
12.685  3.4582
12.695  4.47422
12.705  5.0335
12.715  6.24527
12.725  7.78329
12.735  9.22809
12.745  12.3321
12.755  15.4734
12.765  22.2779
12.775  31.8882
12.785  40.6782
12.795  49.6546
12.805  53.9517
12.815  52.8145
12.825  46.0472
12.835  37.0708
12.845  27.4233
12.855  18.6053
12.865  12.388
12.875  8.65017
12.885  5.8631
12.895  4.07341
12.905  3.19721
12.915  2.72182
12.925  2.79639
12.935  4.26916
12.945  4.94961
12.955  5.08943
12.965  5.74192
12.975  6.59016
12.985  6.99098
12.995  6.46898
13.005  7.66211
13.015  8.48238
13.025  9.88058
13.035  12.3414
13.045  14.1497
13.055  17.8876
13.065  19.6027
13.075  23.3126
13.085  25.9878
13.095  27.2834
13.105  30.5925
13.115  30.462
13.125  29.1384
13.135  25.1023
13.145  23.0889
13.155  18.8104
13.165  16.3962
13.175  13.7862
13.185  10.5704
13.195  7.69939
13.205  7.14944
13.215  5.21993
13.225  4.53015
13.235  4.24119
13.245  4.09205
13.255  4.18526
13.265  4.94029
13.275  6.12409
13.285  6.84183
13.295  8.56627
13.305  10.3839
13.315  12.2668
13.325  13.7955
13.335  13.5998
13.345  14.4014
13.355  12.8914
13.365  11.8567
13.375  10.2068
13.385  9.15352
13.395  7.53161
13.405  7.13079
13.415  6.04952
13.425  5.96563
13.435  4.93097
13.445  5.10807
13.455  4.21323
13.465  3.82173
13.475  3.51413
13.485  2.74046
13.495  2.24643
13.505  2.33033
13.515  2.38625
13.525  2.02272
13.535  2.06001
13.545  1.60326
13.555  2.52607
13.565  2.26508
13.575  2.4049
13.585  2.02272
13.595  2.50743
13.605  2.25575
13.615  2.59132
13.625  3.90562
13.635  4.43694
13.645  5.98427
13.655  6.57152
13.665  8.20274
13.675  10.4399
13.685  12.4626
13.695  15.6411
13.705  19.146
13.715  23.0516
13.725  27.2182
13.735  33.3516
13.745  37.947
13.755  41.7594
13.765  42.8221
13.775  43.7728
13.785  47.4641
13.795  48.4148
13.805  51.4815
13.815  55.3778
13.825  64.5593
13.835  73.2375
13.845  83.2206
13.855  86.8093
13.865  90.109
13.875  84.4323
13.885  72.6782
13.895  61.8095
13.905  47.3522
13.915  34.6752
13.925  23.3871
13.935  18.2697
13.945  12.621
13.955  10.1882
13.965  8.25867
13.975  7.05622
13.985  6.23595
13.995  6.25459
14.005  5.93767
14.015  6.57152
14.025  6.01224
14.035  6.61812
14.045  5.92835
14.055  6.86048
14.065  6.69269
14.075  6.67405
14.085  7.03758
14.095  6.5622
14.105  6.7393
14.115  6.19866
14.125  6.03088
14.135  5.8631
14.145  5.23857
14.155  4.60472
14.165  4.78183
14.175  4.10137
14.185  4.25051
14.195  4.89368
14.205  4.73522
14.215  5.35043
14.225  5.35043
14.235  4.8564
14.245  4.76318
14.255  4.53015
14.265  3.95223
14.275  4.14798
14.285  4.69794
14.295  4.8564
14.305  4.61404
14.315  5.62074
14.325  5.57414
14.335  5.77921
14.345  5.83513
14.355  5.83513
14.365  6.29188
14.375  6.70201
14.385  7.69939
14.395  9.15352
14.405  11.3161
14.415  13.4972
14.425  15.7437
14.435  17.6825
14.445  18.102
14.455  17.8876
14.465  16.6012
14.475  14.1684
14.485  11.344
14.495  10.3746
14.505  8.30528
14.515  7.75532
14.525  6.24527
14.535  5.7326
14.545  5.49957
14.555  5.2945
14.565  5.64871
14.575  5.49025
14.585  5.48092
14.595  5.7326
14.605  6.4317
14.615  6.36645
14.625  7.0003
14.635  7.89514
14.645  8.29596
14.655  9.44248
14.665  10.4492
14.675  11.9313
14.685  13.5625
14.695  14.7183
14.705  14.4201
14.715  15.2963
14.725  15.3801
14.735  14.0658
14.745  13.7396
14.755  14.0099
14.765  14.2802
14.775  15.4547
14.785  15.6877
14.795  15.5293
14.805  15.3988
14.815  14.5785
14.825  13.5159
14.835  11.6796
14.845  9.31198
14.855  7.36383
14.865  6.82319
14.875  4.88436
14.885  4.57676
14.895  4.61404
14.905  3.66327
14.915  4.50219
14.925  4.08273
14.935  4.24119
14.945  4.16662
14.955  4.50219
14.965  3.99884
14.975  4.61404
14.985  4.37169
14.995  4.75386
15.005  5.01486
15.015  4.94029
15.025  5.52753
15.035  5.32246
15.045  6.46898
15.055  6.48763
15.065  6.77659
15.075  8.32392
15.085  9.18148
15.095  10.1136
15.105  10.5237
15.115  11.1576
15.125  12.8354
15.135  12.388
15.145  13.2083
15.155  14.1591
15.165  15.0446
15.175  16.3682
15.185  17.058
15.195  18.1952
15.205  20.9263
15.215  22.8372
15.225  25.9878
15.235  28.6257
15.245  33.0533
15.255  36.6607
15.265  41.9645
15.275  44.705
15.285  43.5864
15.295  41.1442
15.305  38.5995
15.315  31.8975
15.325  26.575
15.335  21.4763
15.345  17.8596
15.355  15.2776
15.365  12.8727
15.375  11.1017
15.385  10.3466
15.395  8.92981
15.405  8.90184
15.415  8.33324
15.425  7.0003
15.435  6.4783
15.445  5.64871
15.455  4.66065
15.465  4.39965
15.475  4.14798
15.485  3.57006
15.495  3.40227
15.505  3.57938
15.515  2.51675
15.525  2.78707
15.535  2.15322
15.545  2.7125
15.555  3.31838
15.565  2.70318
15.575  3.17856
15.585  3.53277
15.595  3.94291
15.605  4.21323
15.615  4.70726
15.625  6.51559
15.635  7.35451
15.645  8.10953
15.655  8.29596
15.665  9.65687
15.675  10.7475
15.685  12.6956
15.695  14.5226
15.705  15.5945
15.715  17.3097
15.725  19.8823
15.735  19.7612
15.745  19.5747
15.755  18.4375
15.765  15.5013
15.775  13.8981
15.785  11.4093
15.795  9.81533
15.805  8.20274
15.815  7.11215
15.825  5.90038
15.835  5.06147
15.845  5.64871
15.855  4.68861
15.865  4.56744
15.875  4.79115
15.885  4.76318
15.895  4.47422
15.905  4.4649
15.915  4.53947
15.925  4.48355
15.935  4.58608
15.945  4.32508
15.955  4.42762
15.965  4.52083
15.975  5.18264
15.985  5.84446
15.995  6.09613
16.005  6.74862
16.015  6.48763
16.025  6.4317
16.035  6.28256
16.045  6.16138
16.055  6.4317
16.065  6.08681
16.075  5.40635
16.085  5.59278
16.095  5.82581
16.105  5.72328
16.115  6.05885
16.125  5.96563
16.135  6.59016
16.145  7.24265
16.155  7.16808
16.165  7.6155
16.175  8.64085
16.185  8.7527
16.195  9.09759
16.205  9.4518
16.215  9.4518
16.225  10.067
16.235  10.4026
16.245  10.1229
16.255  10.6822
16.265  10.9898
16.275  10.589
16.285  11.2881
16.295  10.7661
16.305  11.1856
16.315  10.9898
16.325  11.9219
16.335  11.2601
16.345  11.5864
16.355  11.3347
16.365  12.0524
16.375  12.1643
16.385  12.4533
16.395  12.9939
16.405  12.5931
16.415  14.1031
16.425  15.0725
16.435  16.0792
16.445  17.0859
16.455  19.0341
16.465  19.7052
16.475  20.6187
16.485  20.3857
16.495  19.4256
16.505  18.9875
16.515  16.7411
16.525  16.6851
16.535  15.0819
16.545  14.4294
16.555  14.0099
16.565  13.721
16.575  13.6743
16.585  13.721
16.595  14.4573
16.605  15.0725
16.615  16.1258
16.625  16.2843
16.635  16.6199
16.645  15.3056
16.655  15.5945
16.665  14.0379
16.675  14.5412
16.685  13.1151
16.695  13.2735
16.705  13.6464
16.715  14.8861
16.725  16.5919
16.735  17.6079
16.745  20.4043
16.755  21.672
16.765  22.8279
16.775  24.6548
16.785  26.0157
16.795  26.6682
16.805  29.0918
16.815  30.6764
16.825  30.7789
16.835  33.538
16.845  34.6659
16.855  38.2919
16.865  40.1468
16.875  40.5663
16.885  41.7035
16.895  43.3534
16.905  41.1069
16.915  41.34
16.925  40.529
16.935  40.7154
16.945  37.5276
16.955  34.9922
16.965  33.3143
16.975  31.4874
16.985  28.8494
16.995  28.0292
17.005  26.1929
17.015  25.037
17.025  22.7253
17.035  21.672
17.045  20.1806
17.055  19.09
17.065  17.5613
17.075  17.8037
17.085  17.4029
17.095  16.4055
17.105  16.303
17.115  15.259
17.125  15.9954
17.135  15.0725
17.145  15.3615
17.155  15.1937
17.165  15.6877
17.175  15.4268
17.185  16.0233
17.195  18.4282
17.205  19.379
17.215  21.15
17.225  23.2473
17.235  25.1768
17.245  26.4259
17.255  27.88
17.265  29.94
17.275  29.3062
17.285  29.3155
17.295  29.5672
17.305  30.434
17.315  27.7682
17.325  26.5564
17.335  26.5191
17.345  24.7667
17.355  23.5829
17.365  22.7719
17.375  20.2552
17.385  19.6307
17.395  18.6799
17.405  17.0207
17.415  17.0859
17.425  16.5546
17.435  16.303
17.445  15.6505
17.455  16.2936
17.465  16.769
17.475  17.1325
17.485  19.0807
17.495  19.4069
17.505  20.0688
17.515  20.7026
17.525  21.2153
17.535  21.3271
17.545  21.7559
17.555  21.6254
17.565  22.3152
17.575  21.6627
17.585  22.1101
17.595  23.1355
17.605  22.5762
17.615  25.5776
17.625  26.2115
17.635  29.1011
17.645  31.245
17.655  31.8975
17.665  31.9907
17.675  32.028
17.685  31.3382
17.695  29.94
17.705  27.0131
17.715  25.4751
17.725  22.2406
17.735  21.0475
17.745  18.0367
17.755  17.1512
17.765  16.2004
17.775  15.2963
17.785  14.8488
17.795  13.7862
17.805  13.6743
17.815  12.6956
17.825  14.0192
17.835  13.3574
17.845  13.3947
17.855  13.0498
17.865  13.0405
17.875  11.8567
17.885  12.4439
17.895  12.5465
17.905  11.6889
17.915  12.099
17.925  12.1643
17.935  12.7702
17.945  11.3067
17.955  11.9406
17.965  11.3347
17.975  11.866
17.985  12.7329
17.995  13.3201
18.005  13.0405
18.015  14.9793
18.025  16.2191
18.035  17.5147
18.045  18.4282
18.055  19.4163
18.065  21.3365
18.075  21.5602
18.085  21.8025
18.095  22.8465
18.105  21.7
18.115  20.8145
18.125  20.5628
18.135  18.0926
18.145  18.335
18.155  17.1046
18.165  16.0606
18.175  14.97
18.185  14.3082
18.195  13.5718
18.205  13.721
18.215  13.1057
18.225  12.4439
18.235  12.2762
18.245  11.6143
18.255  11.9033
18.265  11.3627
18.275  12.4719
18.285  11.7821
18.295  12.2202
18.305  12.5838
18.315  12.5092
18.325  12.8727
18.335  13.0685
18.345  14.3921
18.355  13.7862
18.365  14.5133
18.375  14.7556
18.385  15.4268
18.395  15.6225
18.405  15.5573
18.415  15.6505
18.425  15.8555
18.435  16.7597
18.445  16.9088
18.455  18.4375
18.465  20.2459
18.475  20.3484
18.485  21.0009
18.495  22.6974
18.505  23.266
18.515  23.6668
18.525  23.5642
18.535  24.2447
18.545  24.9438
18.555  25.8759
18.565  26.0157
18.575  26.2115
18.585  26.4445
18.595  27.358
18.605  26.4725
18.615  28.9054
18.625  28.3554
18.635  30.2197
18.645  30.1264
18.655  29.3248
18.665  29.474
18.675  29.1663
18.685  28.8494
18.695  26.1835
18.705  25.2887
18.715  23.3965
18.725  22.2966
18.735  20.945
18.745  20.5348
18.755  19.8264
18.765  17.9808
18.775  17.3749
18.785  16.9834
18.795  16.0513
18.805  15.8276
18.815  15.6971
18.825  16.0792
18.835  15.8649
18.845  15.5106
18.855  16.4521
18.865  15.1378
18.875  16.3496
18.885  16.0233
18.895  16.6572
18.905  16.4894
18.915  17.1978
18.925  17.6825
18.935  18.2231
18.945  17.9715
18.955  17.6266
18.965  17.8503
18.975  16.3216
18.985  16.564
18.995  16.1352
19.005  16.6292
19.015  16.3402
19.025  15.1564
19.035  15.52
19.045  14.3548
19.055  15.0259
19.065  15.7064
19.075  15.9021
19.085  14.7277
19.095  14.4667
19.105  14.2802
19.115  14.3734
19.125  15.781
19.135  15.5573
19.145  14.8209
19.155  15.3895
19.165  16.0233
19.175  17.0021
19.185  17.6545
19.195  17.4495
19.205  19.7891
19.215  23.5829
19.225  28.4113
19.235  36.0734
19.245  40.4358
19.255  42.7475
19.265  39.2893
19.275  32.7737
19.285  27.591
19.295  25.3726
19.305  24.7853
19.315  25.9132
19.325  26.9013
19.335  27.4326
19.345  27.8893
19.355  28.8494
19.365  28.6257
19.375  28.4113
19.385  26.8174
19.395  26.2954
19.405  27.0318
19.415  25.8107
19.425  25.7175
19.435  24.9624
19.445  23.2007
19.455  23.3126
19.465  21.9889
19.475  21.5602
19.485  21.0102
19.495  19.7984
19.505  18.857
19.515  17.8783
19.525  18.4469
19.535  16.4335
19.545  16.9275
19.555  15.8089
19.565  15.4547
19.575  15.5479
19.585  15.3522
19.595  15.6877
19.605  15.1191
19.615  15.5759
19.625  14.4853
19.635  15.725
19.645  15.5666
19.655  15.0446
19.665  17.1512
19.675  16.5919
19.685  17.0021
19.695  17.7757
19.705  18.4935
19.715  19.09
19.725  19.7518
19.735  19.1646
19.745  17.6266
19.755  18.4562
19.765  17.1885
19.775  17.4868
19.785  16.4521
19.795  15.5945
19.805  16.4335
19.815  16.508
19.825  16.4148
19.835  15.1005
19.845  14.8488
19.855  16.247
19.865  16.3496
19.875  15.52
19.885  15.4734
19.895  16.3216
19.905  16.3216
19.915  15.9674
19.925  16.8436
19.935  16.4987
19.945  17.9062
19.955  17.3469
19.965  18.2511
19.975  19.0527
19.985  18.0554
19.995  18.7358
20.005  19.1739
20.015  19.1739
20.025  19.7891
20.035  19.2485
20.045  19.4349
20.055  18.857
20.065  18.8011
20.075  18.4002
20.085  18.0554
20.095  18.7731
20.105  17.7011
20.115  18.2977
20.125  18.1113
20.135  18.6612
20.145  18.2697
20.155  18.7917
20.165  18.3257
20.175  19.3324
20.185  19.2392
20.195  18.7078
20.205  19.3883
20.215  19.4722
20.225  19.4908
20.235  19.6213
20.245  19.0527
20.255  20.3577
20.265  20.3018
20.275  21.3271
20.285  20.4696
20.295  20.8984
20.305  20.9543
20.315  21.6068
20.325  22.1008
20.335  19.9289
20.345  20.134
20.355  19.4069
20.365  20.1713
20.375  18.829
20.385  17.291
20.395  15.4734
20.405  15.6598
20.415  14.0565
20.425  14.5133
20.435  13.8887
20.445  12.9659
20.455  13.1617
20.465  12.9473
20.475  12.5092
20.485  12.7422
20.495  13.0685
20.505  12.7609
20.515  12.8261
20.525  12.7515
20.535  12.7702
20.545  12.5744
20.555  12.9753
20.565  13.2829
20.575  12.8075
20.585  13.0498
20.595  13.4134
20.605  13.3947
20.615  13.8421
20.625  14.0938
20.635  13.693
20.645  14.1497
20.655  13.0871
20.665  13.721
20.675  12.6863
20.685  13.199
20.695  13.6743
20.705  13.693
20.715  14.3734
20.725  13.5905
20.735  13.143
20.745  13.7116
20.755  14.2243
20.765  13.8701
20.775  14.2057
20.785  13.5252
20.795  13.8608
20.805  13.9447
20.815  13.5159
20.825  14.3175
20.835  14.7183
20.845  14.2057
20.855  14.97
20.865  14.4946
20.875  13.9074
20.885  15.1471
20.895  14.5972
20.905  14.4201
20.915  14.215
20.925  14.5785
20.935  13.4879
20.945  14.1031
20.955  13.7862
20.965  13.5252
20.975  13.8887
20.985  14.6624
20.995  13.6743
21.005  13.9913
21.015  13.0964
21.025  13.4506
21.035  13.9913
21.045  13.6743
21.055  13.3388
21.065  12.8261
21.075  13.3481
21.085  14.2336
21.095  13.7862
21.105  14.2616
21.115  13.6837
21.125  14.2989
21.135  14.476
21.145  14.2896
21.155  15.3522
21.165  14.737
21.175  15.1005
21.185  15.231
21.195  16.2563
21.205  16.1818
21.215  17.6825
21.225  17.1512
21.235  18.7917
21.245  19.1646
21.255  19.1739
21.265  19.4536
21.275  19.2019
21.285  21.1966
21.295  21.3737
21.305  21.1127
21.315  21.7466
21.325  21.5042
21.335  21.2992
21.345  20.4509
21.355  22.2127
21.365  21.4763
21.375  20.6094
21.385  21.4856
21.395  21.1407
21.405  20.134
21.415  19.2951
21.425  18.5774
21.435  19.7239
21.445  18.2884
21.455  18.0554
21.465  19.0621
21.475  17.8876
21.485  17.9155
21.495  17.2724
21.505  17.7664
21.515  17.524
21.525  17.9062
21.535  17.7944
21.545  18.9316
21.555  18.4562
21.565  18.3164
21.575  18.2977
21.585  18.1672
21.595  17.7105
21.605  18.5774
21.615  18.6799
21.625  17.6452
21.635  18.2138
21.645  18.1299
21.655  17.4029
21.665  18.596
21.675  18.9688
21.685  18.568
21.695  18.7358
21.705  18.307
21.715  18.9316
21.725  19.5188
21.735  18.7638
21.745  18.9316
21.755  19.2858
21.765  18.5401
21.775  19.612
21.785  18.9222
21.795  18.8756
21.805  18.046
21.815  17.813
21.825  18.1579
21.835  17.4495
21.845  16.8622
21.855  17.3469
21.865  16.4987
21.875  16.9182
21.885  17.2351
21.895  16.6292
21.905  16.8343
21.915  15.8928
21.925  16.2191
21.935  15.9487
21.945  15.3429
21.955  15.8276
21.965  15.5386
21.975  16.1165
21.985  15.9767
21.995  15.2124
22.005  14.7649
22.015  16.2843
22.025  15.1285
22.035  15.8089
22.045  15.8649
22.055  15.2403
22.065  14.8582
22.075  14.942
22.085  15.3429
22.095  15.8742
22.105  16.1911
22.115  15.9394
22.125  15.5013
22.135  15.464
22.145  15.1751
22.155  15.1005
22.165  15.8276
22.175  16.7224
22.185  16.6851
22.195  16.2936
22.205  18.335
22.215  17.1046
22.225  17.4495
22.235  18.102
22.245  18.0088
22.255  17.2351
22.265  18.0367
22.275  18.9129
22.285  17.8316
22.295  17.9715
22.305  18.1765
22.315  18.0088
22.325  17.7944
22.335  17.6918
22.345  16.9741
22.355  17.1792
22.365  16.8063
22.375  16.5546
22.385  17.3003
22.395  17.3656
22.405  17.3097
22.415  17.2071
22.425  17.3749
22.435  16.4987
22.445  17.2724
22.455  17.4215
22.465  17.1046
22.475  16.9834
22.485  17.1605
22.495  17.4122
22.505  18.0926
22.515  17.7291
22.525  17.3749
22.535  17.6079
22.545  18.2977
22.555  17.2258
22.565  17.2071
22.575  16.6292
22.585  16.303
22.595  15.6784
22.605  16.1072
22.615  15.2496
22.625  14.448
22.635  14.8209
22.645  14.4853
22.655  14.2429
22.665  14.187
22.675  14.3455
22.685  13.8887
22.695  13.6837
22.705  12.677
22.715  12.5838
22.725  12.7609
22.735  12.5744
22.745  12.9473
22.755  13.5438
22.765  12.7049
22.775  13.2735
22.785  14.0099
22.795  13.6091
22.805  13.1151
22.815  13.9913
22.825  14.7929
22.835  14.5039
22.845  14.4201
22.855  14.1404
22.865  14.448
22.875  13.8887
22.885  13.9913
22.895  13.9913
22.905  14.2989
22.915  14.8209
22.925  14.4201
22.935  14.8115
22.945  14.2243
22.955  14.681
22.965  14.1591
22.975  14.0565
22.985  13.8981
22.995  14.0286
23.005  14.3641
23.015  14.6065
23.025  14.3268
23.035  14.2616
23.045  14.6344
23.055  14.8022
23.065  14.8488
23.075  15.0819
23.085  14.681
23.095  15.1658
23.105  14.709
23.115  14.6531
23.125  15.2496
23.135  15.1285
23.145  14.8954
23.155  14.7277
23.165  15.231
23.175  15.1564
23.185  15.4734
23.195  15.6784
23.205  15.1844
23.215  15.0819
23.225  14.1031
23.235  15.1191
23.245  14.8115
23.255  14.7183
23.265  14.9327
23.275  15.4081
23.285  14.681
23.295  14.2709
23.305  15.5479
23.315  14.7743
23.325  15.8182
23.335  15.3708
23.345  14.2989
23.355  14.2896
23.365  15.0819
23.375  14.2243
23.385  14.4387
23.395  13.9447
23.405  14.1404
23.415  13.926
23.425  13.4879
23.435  14.3828
23.445  14.7929
23.455  14.0565
23.465  14.681
23.475  14.2336
23.485  14.7836
23.495  13.5811
23.505  14.0192
23.515  14.6717
23.525  14.6717
23.535  15.3615
23.545  14.9141
23.555  14.6158
23.565  13.9913
23.575  15.3615
23.585  14.6717
23.595  14.0286
23.605  13.6371
23.615  13.5625
23.625  13.9353
23.635  14.2989
23.645  14.0472
23.655  14.7183
23.665  14.0192
23.675  14.0938
23.685  14.9887
23.695  15.3895
23.705  14.7556
23.715  15.0539
23.725  15.2496
23.735  14.8582
23.745  15.2496
23.755  15.1564
23.765  15.9301
23.775  15.492
23.785  15.4361
23.795  16.2284
23.805  15.986
23.815  15.464
23.825  15.7996
23.835  16.8529
23.845  16.303
23.855  16.0792
23.865  15.2869
23.875  16.2377
23.885  16.9275
23.895  16.275
23.905  16.6292
23.915  17.1232
23.925  16.5546
23.935  16.6944
23.945  17.0021
23.955  16.4894
23.965  16.7783
23.975  16.6106
23.985  16.5919
23.995  16.1631
24.005  16.0233
24.015  15.8089
24.025  15.6318
24.035  16.0979
24.045  15.3988
24.055  15.5479
24.065  15.6598
24.075  15.2403
24.085  15.1751
24.095  14.737
24.105  14.1497
24.115  14.2989
24.125  13.7862
24.135  13.8794
24.145  14.7743
24.155  13.4227
24.165  13.7116
24.175  13.9447
24.185  13.9726
24.195  13.926
24.205  12.7795
24.215  13.404
24.225  13.2735
24.235  13.0498
24.245  13.4227
24.255  13.5345
24.265  13.7396
24.275  12.3787
24.285  12.8541
24.295  13.143
24.305  13.5625
24.315  12.9473
24.325  13.1896
24.335  13.0405
24.345  14.187
24.355  12.9007
24.365  13.2829
24.375  12.9659
24.385  13.4413
24.395  12.6676
24.405  13.3947
24.415  12.9286
24.425  13.3481
24.435  13.0405
24.445  14.3268
24.455  13.5905
24.465  12.9473
24.475  13.4693
24.485  13.926
24.495  13.8608
24.505  13.0498
24.515  14.0752
24.525  13.9167
24.535  13.0032
24.545  13.954
24.555  13.3574
24.565  13.0591
24.575  14.2243
24.585  13.6837
24.595  14.3268
24.605  14.1963
24.615  13.5438
24.625  13.4693
24.635  13.5811
24.645  14.0472
24.655  13.7116
24.665  13.0778
24.675  13.2083
24.685  13.982
24.695  13.5438
24.705  13.171
24.715  14.187
24.725  13.5532
24.735  13.4693
24.745  13.0778
24.755  13.5159
24.765  14.0379
24.775  13.5066
24.785  12.91
24.795  12.5371
24.805  12.4812
24.815  13.171
24.825  13.0778
24.835  13.693
24.845  13.3388
24.855  13.4879
24.865  13.2549
24.875  12.677
24.885  13.9353
24.895  12.882
24.905  12.3321
24.915  13.171
24.925  13.7955
24.935  13.3667
24.945  13.8048
24.955  13.5252
24.965  14.1404
24.975  13.9074
24.985  12.649
24.995  13.0591
25.005  14.0192
25.015  13.3015
25.025  13.2176
25.035  13.4227
25.045  13.8887
25.055  14.0752
25.065  13.6464
25.075  14.1031
25.085  13.5625
25.095  14.0752
25.105  14.4294
25.115  14.476
25.125  13.7676
25.135  14.0658
25.145  14.3455
25.155  13.4413
25.165  14.0379
25.175  13.7862
25.185  14.709
25.195  14.0286
25.205  13.7862
25.215  14.5412
25.225  15.0912
25.235  15.0353
25.245  14.5785
25.255  15.0539
25.265  15.3056
25.275  14.2057
25.285  14.5226
25.295  13.9447
25.305  14.5785
25.315  14.8768
25.325  13.5998
25.335  14.1311
25.345  14.3082
25.355  14.3641
25.365  14.4573
25.375  14.5412
25.385  13.7303
25.395  14.0938
25.405  13.5066
25.415  13.5998
25.425  13.6091
25.435  13.404
25.445  13.0778
25.455  12.9566
25.465  13.3481
25.475  13.0125
25.485  13.2829
25.495  12.3041
25.505  12.1177
25.515  12.3507
25.525  12.2295
25.535  11.4279
25.545  10.6822
25.555  11.6703
25.565  11.1203
25.575  10.8873
25.585  10.8873
25.595  10.8966
25.605  11.0457
25.615  9.24673
25.625  9.89922
25.635  8.58492
25.645  9.00438
25.655  9.31198
25.665  9.02302
25.675  8.34256
25.685  8.28664
25.695  8.19342
25.705  7.71804
25.715  7.20537
25.725  6.57152
25.735  6.88844
25.745  6.78591
25.755  6.02156
25.765  6.50627
25.775  5.3411
25.785  5.56482
25.795  5.11739
25.805  4.78183
25.815  4.58608
25.825  4.12001
25.835  4.04544
25.845  3.46752
25.855  2.54471
25.865  2.81503
25.875  2.582
25.885  2.22779
25.895  1.73376
25.905  1.72444
25.915  1.1372
25.925  1.09059
25.935  0.71774
25.945  0.624527
25.955  0.494029
25.965  0.410137
25.975  0.205069
25.985  0.13982
25.995  0.158462
26.005  0.111856
26.015  0.121177
26.025  0.149141
26.035  0.093213
26.045  0.0372852
26.055  0.0372852
26.065  0.0466065
26.075  0.0466065
26.085  0.0279639
26.095  0.0186426
26.105  0.0093213
26.115  0.0093213
26.125  0
26.135  0
26.145  0.0093213
26.155  0
26.165  0.0093213
26.175  0.0093213
26.185  0
26.195  0
26.205  0
26.215  0.0093213
26.225  0
26.235  0.0093213
26.245  0
26.255  0
26.265  0
26.275  0
26.285  0
26.295  0
26.305  0
26.315  0
26.325  0
26.335  0
26.345  0
26.355  0
26.365  0
26.375  0
26.385  0
26.395  0
26.405  0
26.415  0.0093213
26.425  0
26.435  0
26.445  0
26.455  0
26.465  0
26.475  0
26.485  0
26.495  0
26.505  0
26.515  0
26.525  0
26.535  0
26.545  0
26.555  0
26.565  0
26.575  0
26.585  0
26.595  0
26.605  0
26.615  0
26.625  0
26.635  0
26.645  0
26.655  0
26.665  0
26.675  0
26.685  0
26.695  0
26.705  0
26.715  0
26.725  0
26.735  0
26.745  0
26.755  0
26.765  0
26.775  0
26.785  0
26.795  0
26.805  0
26.815  0
26.825  0
26.835  0
26.845  0
26.855  0
26.865  0
26.875  0
26.885  0
26.895  0
26.905  0
26.915  0
26.925  0
26.935  0
26.945  0
26.955  0
26.965  0
26.975  0
26.985  0
26.995  0
27.005  0
27.015  0
27.025  0
27.035  0
27.045  0
27.055  0
27.065  0
27.075  0
27.085  0
27.095  0
27.105  0
27.115  0
27.125  0
27.135  0
27.145  0
27.155  0
27.165  0
27.175  0
27.185  0
27.195  0
27.205  0
27.215  0
27.225  0.0093213
27.235  0
27.245  0
27.255  0
27.265  0
27.275  0
27.285  0
27.295  0
27.305  0
27.315  0
27.325  0
27.335  0
27.345  0
27.355  0
27.365  0
27.375  0
27.385  0
27.395  0
27.405  0
27.415  0
27.425  0
27.435  0
27.445  0
27.455  0
27.465  0
27.475  0
27.485  0
27.495  0
27.505  0
27.515  0
27.525  0
27.535  0
27.545  0
27.555  0
27.565  0
27.575  0
27.585  0
27.595  0
27.605  0
27.615  0
27.625  0
27.635  0
27.645  0
27.655  0
27.665  0
27.675  0
27.685  0
27.695  0
27.705  0
27.715  0
27.725  0
27.735  0
27.745  0
27.755  0
27.765  0
27.775  0
27.785  0
27.795  0
27.805  0
27.815  0
27.825  0
27.835  0
27.845  0
27.855  0
27.865  0
27.875  0
27.885  0
27.895  0
27.905  0
27.915  0
27.925  0
27.935  0
27.945  0
27.955  0
27.965  0
27.975  0
27.985  0
27.995  0
28.005  0
28.015  0
28.025  0
28.035  0
28.045  0
28.055  0
28.065  0
28.075  0
28.085  0
28.095  0
28.105  0
28.115  0
28.125  0
28.135  0
28.145  0
28.155  0
28.165  0
28.175  0
28.185  0
28.195  0
28.205  0
28.215  0
28.225  0
28.235  0
28.245  0
28.255  0
28.265  0
28.275  0
28.285  0
28.295  0
28.305  0
28.315  0
28.325  0
28.335  0
28.345  0
28.355  0
28.365  0
28.375  0
28.385  0
28.395  0
28.405  0
28.415  0
28.425  0
28.435  0
28.445  0
28.455  0
28.465  0
28.475  0
28.485  0
28.495  0
28.505  0
28.515  0
28.525  0
28.535  0
28.545  0
28.555  0
28.565  0
28.575  0
28.585  0
28.595  0
28.605  0
28.615  0
28.625  0
28.635  0
28.645  0
28.655  0
28.665  0
28.675  0
28.685  0
28.695  0
28.705  0
28.715  0
28.725  0
28.735  0
28.745  0
28.755  0
28.765  0
28.775  0
28.785  0.0093213
28.795  0
28.805  0
28.815  0
28.825  0
28.835  0
28.845  0
28.855  0
28.865  0
28.875  0
28.885  0
28.895  0
28.905  0
28.915  0
28.925  0
28.935  0
28.945  0
28.955  0
28.965  0
28.975  0
28.985  0
28.995  0
29.005  0
29.015  0
29.025  0
29.035  0
29.045  0
29.055  0
29.065  0
29.075  0
29.085  0
29.095  0
29.105  0
29.115  0
29.125  0
29.135  0
29.145  0
29.155  0
29.165  0
29.175  0
29.185  0
29.195  0
29.205  0
29.215  0
29.225  0
29.235  0
29.245  0
29.255  0
29.265  0
29.275  0
29.285  0
29.295  0
29.305  0
29.315  0
29.325  0
29.335  0
29.345  0
29.355  0
29.365  0
29.375  0
29.385  0
29.395  0
29.405  0
29.415  0
29.425  0
29.435  0
29.445  0
29.455  0
29.465  0
29.475  0
29.485  0
29.495  0
29.505  0
29.515  0
29.525  0
29.535  0
29.545  0
29.555  0
29.565  0
29.575  0
29.585  0
29.595  0
29.605  0
29.615  0
29.625  0
29.635  0
29.645  0
29.655  0
29.665  0
29.675  0
29.685  0
29.695  0
29.705  0
29.715  0
29.725  0
29.735  0
29.745  0
29.755  0
29.765  0
29.775  0
29.785  0
29.795  0
29.805  0
29.815  0
29.825  0
29.835  0
29.845  0
29.855  0
29.865  0
29.875  0
29.885  0
29.895  0
29.905  0
29.915  0
29.925  0
29.935  0
29.945  0
29.955  0
29.965  0
29.975  0
29.985  0
