     12.000         0.094599866
     12.010         0.081480121
     12.020         0.071194748
     12.030         0.063016926
     12.040         0.056442311
     12.050         0.051113524
     12.060         0.046773070
     12.070         0.043233238
     12.080         0.040356464
     12.090         0.038042367
     12.100         0.036219209
     12.110         0.034838427
     12.120         0.033871460
     12.130         0.033308498
     12.140         0.033159066
     12.150         0.033454713
     12.160         0.034254472
     12.170         0.035654422
     12.180         0.037803787
     12.190         0.040932117
     12.200         0.045396150
     12.210         0.051763332
     12.220         0.060966896
     12.230         0.074607738
     12.240         0.095572041
     12.250         0.129350395
     12.260         0.186864044
     12.270         0.289468668
     12.280         0.466355891
     12.290         0.670352268
     12.300         0.652578985
     12.310         0.441186466
     12.320         0.272908015
     12.330         0.176341113
     12.340         0.121726730
     12.350         0.089156588
     12.360         0.068540889
     12.370         0.054784940
     12.380         0.045190462
     12.390         0.038247619
     12.400         0.033067088
     12.410         0.029100750
     12.420         0.025997203
     12.430         0.023523326
     12.440         0.021519798
     12.450         0.019874866
     12.460         0.018508324
     12.470         0.017361439
     12.480         0.016390412
     12.490         0.015562060
     12.500         0.014850874
     12.510         0.014236991
     12.520         0.013704762
     12.530         0.013241733
     12.540         0.012837895
     12.550         0.012485142
     12.560         0.012176858
     12.570         0.011907613
     12.580         0.011672925
     12.590         0.011469083
     12.600         0.011293009
     12.610         0.011142144
     12.620         0.011014368
     12.630         0.010907935
     12.640         0.010821418
     12.650         0.010753672
     12.660         0.010703802
     12.670         0.010671143
     12.680         0.010655249
     12.690         0.010655876
     12.700         0.010672993
     12.710         0.010706777
     12.720         0.010757632
     12.730         0.010826208
     12.740         0.010913430
     12.750         0.011020545
     12.760         0.011149174
     12.770         0.011301392
     12.780         0.011479831
     12.790         0.011687819
     12.800         0.011929566
     12.810         0.012210419
     12.820         0.012537209
     12.830         0.012918741
     12.840         0.013366486
     12.850         0.013895569
     12.860         0.014526230
     12.870         0.015286008
     12.880         0.016213085
     12.890         0.017361571
     12.900         0.018810058
     12.910         0.020675996
     12.920         0.023140729
     12.930         0.026495018
     12.940         0.031225776
     12.950         0.038189867
     12.960         0.048979507
     12.970         0.066711356
     12.980         0.097612038
     12.990         0.152462454
     13.000         0.233227910
     13.010         0.271823862
     13.020         0.208417295
     13.030         0.133447632
     13.040         0.087527071
     13.050         0.061940732
     13.060         0.047183689
     13.070         0.038194371
     13.080         0.032442682
     13.090         0.028617810
     13.100         0.026003080
     13.110         0.024185493
     13.120         0.022915683
     13.130         0.022036955
     13.140         0.021447496
     13.150         0.021079328
     13.160         0.020886099
     13.170         0.020835740
     13.180         0.020905926
     13.190         0.021081177
     13.200         0.021350993
     13.210         0.021708616
     13.220         0.022150225
     13.230         0.022674403
     13.240         0.023281818
     13.250         0.023975043
     13.260         0.024758500
     13.270         0.025638516
     13.280         0.026623472
     13.290         0.027724072
     13.300         0.028953744
     13.310         0.030329206
     13.320         0.031871255
     13.330         0.033605868
     13.340         0.035565748
     13.350         0.037792519
     13.360         0.040339919
     13.370         0.043278527
     13.380         0.046702999
     13.390         0.050743430
     13.400         0.055583887
     13.410         0.061493827
     13.420         0.068883767
     13.430         0.078408887
     13.440         0.091172253
     13.450         0.109144764
     13.460         0.136065679
     13.470         0.179309711
     13.480         0.252378709
     13.490         0.365506979
     13.500         0.454823016
     13.510         0.407707398
     13.520         0.319915801
     13.530         0.273790804
     13.540         0.265461228
     13.550         0.284024283
     13.560         0.326583910
     13.570         0.397513077
     13.580         0.509365029
     13.590         0.688027684
     13.600         0.985531214
     13.610         1.506812848
     13.620         2.438131713
     13.630         3.849107779
     13.640         4.640992464
     13.650         3.597143582
     13.660         2.239468768
     13.670         1.391418569
     13.680         0.916947268
     13.690         0.642351873
     13.700         0.473853560
     13.710         0.364588993
     13.720         0.290348688
     13.730         0.237934349
     13.740         0.199755750
     13.750         0.171233533
     13.760         0.149487343
     13.770         0.132639409
     13.780         0.119427481
     13.790         0.108980697
     13.800         0.100684988
     13.810         0.094099634
     13.820         0.088904085
     13.830         0.084863245
     13.840         0.081804385
     13.850         0.079601568
     13.860         0.078165090
     13.870         0.077434365
     13.880         0.077373280
     13.890         0.077967424
     13.900         0.079222827
     13.910         0.081166063
     13.920         0.083845699
     13.930         0.087335226
     13.940         0.091737820
     13.950         0.097193447
     13.960         0.103889221
     13.970         0.112074375
     13.980         0.122082033
     13.990         0.134361235
     14.000         0.149524899
     14.010         0.168423114
     14.020         0.192258008
     14.030         0.222768880
     14.040         0.262540372
     14.050         0.315534476
     14.060         0.388047489
     14.070         0.490512161
     14.080         0.641064514
     14.090         0.872962198
     14.100         1.250568259
     14.110         1.902684387
     14.120         3.068227445
     14.130         4.937519595
     14.140         6.388495942
     14.150         5.309474940
     14.160         3.359217559
     14.170         2.067781189
     14.180         1.343219236
     14.190         0.927630352
     14.200         0.675085001
     14.210         0.512616858
     14.220         0.402850625
     14.230         0.325608205
     14.240         0.269389579
     14.250         0.227310327
     14.260         0.195067970
     14.270         0.169871546
     14.280         0.149851239
     14.290         0.133718793
     14.300         0.120564728
     14.310         0.109733169
     14.320         0.100742271
     14.330         0.093232298
     14.340         0.086930944
     14.350         0.081629703
     14.360         0.077167462
     14.370         0.073418958
     14.380         0.070286547
     14.390         0.067694297
     14.400         0.065583754
     14.410         0.063910944
     14.420         0.062644321
     14.430         0.061763506
     14.440         0.061258708
     14.450         0.061130831
     14.460         0.061392333
     14.470         0.062069003
     14.480         0.063202975
     14.490         0.064857515
     14.500         0.067124478
     14.510         0.070135983
     14.520         0.074082957
     14.530         0.079245315
     14.540         0.086042603
     14.550         0.095122050
     14.560         0.107518201
     14.570         0.124956014
     14.580         0.150455982
     14.590         0.189602441
     14.600         0.253281530
     14.610         0.363250738
     14.620         0.558037360
     14.630         0.852179643
     14.640         1.019171830
     14.650         0.807431064
     14.660         0.531038407
     14.670         0.360430936
     14.680         0.267687416
     14.690         0.217063001
     14.700         0.189355319
     14.710         0.175104138
     14.720         0.169596356
     14.730         0.170485963
     14.740         0.176715756
     14.750         0.188038621
     14.760         0.204836761
     14.770         0.228122788
     14.780         0.259700430
     14.790         0.302533042
     14.800         0.361461471
     14.810         0.444591402
     14.820         0.566065100
     14.830         0.751848854
     14.840         1.052208599
     14.850         1.567486921
     14.860         2.480558136
     14.870         3.909899310
     14.880         4.915906197
     14.890         4.050595524
     14.900         2.690683154
     14.910         1.859492309
     14.920         1.473558706
     14.930         1.378079348
     14.940         1.530233540
     14.950         1.998034967
     14.960         2.954420663
     14.970         4.362775358
     14.980         4.847538824
     14.990         3.571702353
     15.000         2.232908188
     15.010         1.423483197
     15.020         0.965658562
     15.030         0.694807320
     15.040         0.524432395
     15.050         0.411086173
     15.060         0.332042192
     15.070         0.274732932
     15.080         0.231824564
     15.090         0.198826982
     15.100         0.172873798
     15.110         0.152067725
     15.120         0.135112887
     15.130         0.121099651
     15.140         0.109374031
     15.150         0.099455823
     15.160         0.090985778
     15.170         0.083690628
     15.180         0.077359386
     15.190         0.071826960
     15.200         0.066962590
     15.210         0.062661569
     15.220         0.058839205
     15.230         0.055426366
     15.240         0.052366146
     15.250         0.049611339
     15.260         0.047122502
     15.270         0.044866463
     15.280         0.042815151
     15.290         0.040944675
     15.300         0.039234592
     15.310         0.037667324
     15.320         0.036227684
     15.330         0.034902495
     15.340         0.033680274
     15.350         0.032550978
     15.360         0.031505790
     15.370         0.030536942
     15.380         0.029637570
     15.390         0.028801587
     15.400         0.028023582
     15.410         0.027298729
     15.420         0.026622715
     15.430         0.025991676
     15.440         0.025402137
     15.450         0.024850972
     15.460         0.024335361
     15.470         0.023852752
     15.480         0.023400836
     15.490         0.022977515
     15.500         0.022580883
     15.510         0.022209206
     15.520         0.021860899
     15.530         0.021534517
     15.540         0.021228738
     15.550         0.020942352
     15.560         0.020674248
     15.570         0.020423408
     15.580         0.020188895
     15.590         0.019969849
     15.600         0.019765478
     15.610         0.019575052
     15.620         0.019397899
     15.630         0.019233399
     15.640         0.019080980
     15.650         0.018940115
     15.660         0.018810316
     15.670         0.018691136
     15.680         0.018582160
     15.690         0.018483005
     15.700         0.018393322
     15.710         0.018312785
     15.720         0.018241097
     15.730         0.018177985
     15.740         0.018123200
     15.750         0.018076512
     15.760         0.018037715
     15.770         0.018006619
     15.780         0.017983055
     15.790         0.017966869
     15.800         0.017957928
     15.810         0.017956111
     15.820         0.017961316
     15.830         0.017973454
     15.840         0.017992453
     15.850         0.018018253
     15.860         0.018050813
     15.870         0.018090102
     15.880         0.018136106
     15.890         0.018188826
     15.900         0.018248277
     15.910         0.018314489
     15.920         0.018387510
     15.930         0.018467402
     15.940         0.018554245
     15.950         0.018648137
     15.960         0.018749197
     15.970         0.018857561
     15.980         0.018973391
     15.990         0.019096870
     16.000         0.019228208
     16.010         0.019367643
     16.020         0.019515447
     16.030         0.019671924
     16.040         0.019837418
     16.050         0.020012318
     16.060         0.020197061
     16.070         0.020392141
     16.080         0.020598116
     16.090         0.020815618
     16.100         0.021045363
     16.110         0.021288166
     16.120         0.021544958
     16.130         0.021816803
     16.140         0.022104926
     16.150         0.022410741
     16.160         0.022735887
     16.170         0.023082276
     16.180         0.023452150
     16.190         0.023848152
     16.200         0.024273420
     16.210         0.024731706
     16.220         0.025227526
     16.230         0.025766366
     16.240         0.026354943
     16.250         0.027001560
     16.260         0.027716591
     16.270         0.028513137
     16.280         0.029407947
     16.290         0.030422727
     16.300         0.031586014
     16.310         0.032935954
     16.320         0.034524459
     16.330         0.036423634
     16.340         0.038735948
     16.350         0.041610846
     16.360         0.045272846
     16.370         0.050070919
     16.380         0.056569144
     16.390         0.065721333
     16.400         0.079224860
     16.410         0.100271274
     16.420         0.135163440
     16.430         0.196383148
     16.440         0.303363857
     16.450         0.443386934
     16.460         0.468444502
     16.470         0.339911471
     16.480         0.222379137
     16.490         0.154431943
     16.500         0.117719603
     16.510         0.098221209
     16.520         0.089382291
     16.530         0.089250685
     16.540         0.098785203
     16.550         0.116031187
     16.560         0.119466731
     16.570         0.098825179
     16.580         0.078819594
     16.590         0.066845843
     16.600         0.060116908
     16.610         0.056246210
     16.620         0.053977364
     16.630         0.052669142
     16.640         0.051978841
     16.650         0.051712358
     16.660         0.051753662
     16.670         0.052030155
     16.680         0.052494714
     16.690         0.053115909
     16.700         0.053872398
     16.710         0.054749586
     16.720         0.055737565
     16.730         0.056829790
     16.740         0.058022222
     16.750         0.059312747
     16.760         0.060700791
     16.770         0.062187045
     16.780         0.063773292
     16.790         0.065462282
     16.800         0.067257657
     16.810         0.069163907
     16.820         0.071186356
     16.830         0.073331164
     16.840         0.075605356
     16.850         0.078016862
     16.860         0.080574571
     16.870         0.083288415
     16.880         0.086169452
     16.890         0.089229982
     16.900         0.092483676
     16.910         0.095945732
     16.920         0.099633048
     16.930         0.103564440
     16.940         0.107760882
     16.950         0.112245790
     16.960         0.117045359
     16.970         0.122188952
     16.980         0.127709558
     16.990         0.133644334
     17.000         0.140035246
     17.010         0.146929827
     17.020         0.154382086
     17.030         0.162453593
     17.040         0.171214787
     17.050         0.180746563
     17.060         0.191142202
     17.070         0.202509735
     17.080         0.214974867
     17.090         0.228684604
     17.100         0.243811809
     17.110         0.260560957
     17.120         0.279175489
     17.130         0.299947311
     17.140         0.323229214
     17.150         0.349451352
     17.160         0.379143445
     17.170         0.412965287
     17.180         0.451749597
     17.190         0.496563783
     17.200         0.548801860
     17.210         0.610326451
     17.220         0.683698371
     17.230         0.772568216
     17.240         0.882386440
     17.250         1.021775687
     17.260         1.205314436
     17.270         1.458983311
     17.280         1.826090187
     17.290         2.332266968
     17.300         2.799956560
     17.310         3.052230442
     17.320         3.415588704
     17.330         4.120198130
     17.340         5.295052438
     17.350         7.193263680
     17.360        10.350065330
     17.370        15.861394339
     17.380        25.723362433
     17.390        41.085727784
     17.400        51.202829990
     17.410        40.858298983
     17.420        25.530020777
     17.430        15.724759005
     17.440        10.233620496
     17.450         7.067135027
     17.460         5.130926821
     17.470         3.878175284
     17.480         3.027467791
     17.490         2.426036475
     17.500         1.986360785
     17.510         1.655802352
     17.520         1.401327907
     17.530         1.201429333
     17.540         1.041647673
     17.550         0.911988241
     17.560         0.805371533
     17.570         0.716673859
     17.580         0.642115568
     17.590         0.578860602
     17.600         0.524748194
     17.610         0.478109260
     17.620         0.437638360
     17.630         0.402302833
     17.640         0.371277312
     17.650         0.343895829
     17.660         0.319616336
     17.670         0.297994089
     17.680         0.278661461
     17.690         0.261312479
     17.700         0.245690847
     17.710         0.231580605
     17.720         0.218798769
     17.730         0.207189494
     17.740         0.196619406
     17.750         0.186973845
     17.760         0.178153827
     17.770         0.170073559
     17.780         0.162658411
     17.790         0.155843240
     17.800         0.149571005
     17.810         0.143791609
     17.820         0.138460942
     17.830         0.133540063
     17.840         0.128994528
     17.850         0.124793803
     17.860         0.120910785
     17.870         0.117321381
     17.880         0.114004153
     17.890         0.110940020
     17.900         0.108111994
     17.910         0.105504960
     17.920         0.103105488
     17.930         0.100901669
     17.940         0.098882979
     17.950         0.097040158
     17.960         0.095365116
     17.970         0.093850851
     17.980         0.092491378
     17.990         0.091281683
     18.000         0.090217679
     18.010         0.089296185
     18.020         0.088514906
     18.030         0.087872438
     18.040         0.087368279
     18.050         0.087002854
     18.060         0.086777562
     18.070         0.086694830
     18.080         0.086758199
     18.090         0.086972421
     18.100         0.087343592
     18.110         0.087879314
     18.120         0.088588893
     18.130         0.089483591
     18.140         0.090576931
     18.150         0.091885078
     18.160         0.093427308
     18.170         0.095226598
     18.180         0.097310362
     18.190         0.099711372
     18.200         0.102468936
     18.210         0.105630392
     18.220         0.109253036
     18.230         0.113406624
     18.240         0.118176656
     18.250         0.123668714
     18.260         0.130014297
     18.270         0.137378719
     18.280         0.145971984
     18.290         0.156063968
     18.300         0.168005964
     18.310         0.182261805
     18.320         0.199453744
     18.330         0.220431552
     18.340         0.246379201
     18.350         0.278984103
     18.360         0.320713966
     18.370         0.375285605
     18.380         0.448490224
     18.390         0.549710930
     18.400         0.694850412
     18.410         0.912271961
     18.420         1.255417213
     18.430         1.829979668
     18.440         2.845056899
     18.450         4.621561043
     18.460         6.914069962
     18.470         7.236075593
     18.480         5.072204511
     18.490         3.129699216
     18.500         1.995362455
     18.510         1.358954157
     18.520         0.984706344
     18.530         0.751537365
     18.540         0.598617209
     18.550         0.494008518
     18.560         0.420000922
     18.570         0.366252024
     18.580         0.326440050
     18.590         0.296545827
     18.600         0.273927016
     18.610         0.256796638
     18.620         0.243917528
     18.630         0.234416950
     18.640         0.227670658
     18.650         0.223228434
     18.660         0.220765208
     18.670         0.220048385
     18.680         0.220915742
     18.690         0.223260403
     18.700         0.227020702
     18.710         0.232173546
     18.720         0.238730384
     18.730         0.246735228
     18.740         0.256264435
     18.750         0.267428079
     18.760         0.280372937
     18.770         0.295287220
     18.780         0.312407330
     18.790         0.332027109
     18.800         0.354510232
     18.810         0.380306735
     18.820         0.409975064
     18.830         0.444211645
     18.840         0.483890891
     18.850         0.530119893
     18.860         0.584314185
     18.870         0.648304193
     18.880         0.724487307
     18.890         0.816049099
     18.900         0.927291735
     18.910         1.064132703
     18.920         1.234881549
     18.930         1.451484387
     18.940         1.731582451
     18.950         2.102041525
     18.960         2.605252661
     18.970         3.310899239
     18.980         4.339041991
     18.990         5.907739064
     19.000         8.435265364
     19.010        12.756805074
     19.020        20.470683289
     19.030        33.360322070
     19.040        45.887924155
     19.050        41.133347025
     19.060        26.645236884
     19.070        16.277550799
     19.080        10.416944876
     19.090         7.082998940
     19.100         5.077542561
     19.110         3.798947359
     19.120         2.941378597
     19.130         2.341294523
     19.140         1.906330967
     19.150         1.581636563
     19.160         1.333167661
     19.170         1.138970082
     19.180         0.984407928
     19.190         0.859438018
     19.200         0.756992237
     19.210         0.671984287
     19.220         0.600681155
     19.230         0.540294528
     19.240         0.488708707
     19.250         0.444295473
     19.260         0.405785613
     19.270         0.372178183
     19.280         0.342675384
     19.290         0.316635120
     19.300         0.293535971
     19.310         0.272951011
     19.320         0.254528014
     19.330         0.237974317
     19.340         0.223045150
     19.350         0.209534540
     19.360         0.197268163
     19.370         0.186097694
     19.380         0.175896291
     19.390         0.166554968
     19.400         0.157979667
     19.410         0.150088870
     19.420         0.142811647
     19.430         0.136086049
     19.440         0.129857778
     19.450         0.124079083
     19.460         0.118707833
     19.470         0.113706744
     19.480         0.109042728
     19.490         0.104686335
     19.500         0.100611287
     19.510         0.096794079
     19.520         0.093213631
     19.530         0.089850999
     19.540         0.086689121
     19.550         0.083712595
     19.560         0.080907494
     19.570         0.078261197
     19.580         0.075762248
     19.590         0.073400230
     19.600         0.071165653
     19.610         0.069049863
     19.620         0.067044951
     19.630         0.065143683
     19.640         0.063339430
     19.650         0.061626113
     19.660         0.059998149
     19.670         0.058450405
     19.680         0.056978160
     19.690         0.055577061
     19.700         0.054243102
     19.710         0.052972582
     19.720         0.051762090
     19.730         0.050608474
     19.740         0.049508826
     19.750         0.048460458
     19.760         0.047460891
     19.770         0.046507834
     19.780         0.045599177
     19.790         0.044732973
     19.800         0.043907435
     19.810         0.043120918
     19.820         0.042371919
     19.830         0.041659066
     19.840         0.040981113
     19.850         0.040336932
     19.860         0.039725518
     19.870         0.039145974
     19.880         0.038597520
     19.890         0.038079486
     19.900         0.037591311
     19.910         0.037132552
     19.920         0.036702875
     19.930         0.036302071
     19.940         0.035930052
     19.950         0.035586861
     19.960         0.035272682
     19.970         0.034987850
     19.980         0.034732864
     19.990         0.034508406
     20.000         0.034315357
     20.010         0.034154824
     20.020         0.034028171
     20.030         0.033937051
     20.040         0.033883454
     20.050         0.033869755
     20.060         0.033898782
     20.070         0.033973895
     20.080         0.034099081
     20.090         0.034279076
     20.100         0.034519514
     20.110         0.034827117
     20.120         0.035209927
     20.130         0.035677608
     20.140         0.036241834
     20.150         0.036916779
     20.160         0.037719768
     20.170         0.038672131
     20.180         0.039800331
     20.190         0.041137502
     20.200         0.042725532
     20.210         0.044617954
     20.220         0.046884015
     20.230         0.049614493
     20.240         0.052930172
     20.250         0.056994466
     20.260         0.062032625
     20.270         0.068361761
     20.280         0.076439114
     20.290         0.086942229
     20.300         0.100907049
     20.310         0.119975723
     20.320         0.146862073
     20.330         0.186270372
     20.340         0.246801514
     20.350         0.345056081
     20.360         0.514240172
     20.370         0.816616141
     20.380         1.308382089
     20.390         1.720252534
     20.400         1.464819473
     20.410         0.939407622
     20.420         0.584024924
     20.430         0.384304358
     20.440         0.270058700
     20.450         0.200859773
     20.460         0.156475796
     20.470         0.126568387
     20.480         0.105572364
     20.490         0.090324721
     20.500         0.078936561
     20.510         0.070229885
     20.520         0.063441914
     20.530         0.058062392
     20.540         0.053740192
     20.550         0.050227648
     20.560         0.047346245
     20.570         0.044964836
     20.580         0.042985436
     20.590         0.041333739
     20.600         0.039952655
     20.610         0.038797814
     20.620         0.037834381
     20.630         0.037034780
     20.640         0.036377025
     20.650         0.035843491
     20.660         0.035420004
     20.670         0.035095145
     20.680         0.034859728
     20.690         0.034706401
     20.700         0.034629338
     20.710         0.034624003
     20.720         0.034686972
     20.730         0.034815795
     20.740         0.035008898
     20.750         0.035265518
     20.760         0.035585652
     20.770         0.035970043
     20.780         0.036420186
     20.790         0.036938349
     20.800         0.037527629
     20.810         0.038192031
     20.820         0.038936579
     20.830         0.039767475
     20.840         0.040692294
     20.850         0.041720267
     20.860         0.042862629
     20.870         0.044133106
     20.880         0.045548551
     20.890         0.047129815
     20.900         0.048902941
     20.910         0.050900831
     20.920         0.053165604
     20.930         0.055752011
     20.940         0.058732458
     20.950         0.062204603
     20.960         0.066303119
     20.970         0.071218435
     20.980         0.077227604
     20.990         0.084746973
     21.000         0.094425804
     21.010         0.107320340
     21.020         0.125233835
     21.030         0.151415206
     21.040         0.192055396
     21.050         0.259474552
     21.060         0.377455935
     21.070         0.575133068
     21.080         0.782388025
     21.090         0.735416841
     21.100         0.517134281
     21.110         0.356693450
     21.120         0.268867282
     21.130         0.222808696
     21.140         0.199248862
     21.150         0.188592385
     21.160         0.186111674
     21.170         0.189454697
     21.180         0.197501746
     21.190         0.209843144
     21.200         0.226545191
     21.210         0.248062724
     21.220         0.275240995
     21.230         0.309390303
     21.240         0.352442444
     21.250         0.407223335
     21.260         0.477913409
     21.270         0.570834762
     21.280         0.695838170
     21.290         0.868846677
     21.300         1.116741671
     21.310         1.487230106
     21.320         2.069720765
     21.330         3.040368583
     21.340         4.749506897
     21.350         7.766276541
     21.360        11.902320741
     21.370        13.059872266
     21.380         9.393163072
     21.390         5.763682716
     21.400         3.606666152
     21.410         2.397655319
     21.420         1.689245777
     21.430         1.248837823
     21.440         0.959857189
     21.450         0.761417237
     21.460         0.619929661
     21.470         0.515866394
     21.480         0.437330973
     21.490         0.376775763
     21.500         0.329241236
     21.510         0.291368231
     21.520         0.260821143
     21.530         0.235938881
     21.540         0.215516901
     21.550         0.198667269
     21.560         0.184726598
     21.570         0.173194222
     21.580         0.163689927
     21.590         0.155924704
     21.600         0.149680372
     21.610         0.144795451
     21.620         0.141155600
     21.630         0.138687601
     21.640         0.137356299
     21.650         0.137164313
     21.660         0.138154658
     21.670         0.140416877
     21.680         0.144097810
     21.690         0.149419061
     21.700         0.156704662
     21.710         0.166425039
     21.720         0.179268060
     21.730         0.196256904
     21.740         0.218952165
     21.750         0.249812234
     21.760         0.292865237
     21.770         0.355025105
     21.780         0.448802408
     21.790         0.598116493
     21.800         0.850606237
     21.810         1.297293476
     21.820         2.039834595
     21.830         2.765238352
     21.840         2.517771986
     21.850         1.730074135
     21.860         1.193400034
     21.870         0.944010171
     21.880         0.893252921
     21.890         0.963770567
     21.900         0.952851435
     21.910         0.779291412
     21.920         0.631726656
     21.930         0.560474968
     21.940         0.543655897
     21.950         0.565742686
     21.960         0.622815286
     21.970         0.720118776
     21.980         0.873119703
     21.990         1.113720627
     22.000         1.504170704
     22.010         2.150936755
     22.020         3.106343710
     22.030         3.988866514
     22.040         4.750932229
     22.050         6.447752107
     22.060         9.399826992
     22.070        10.878109673
     22.080         8.281691140
     22.090         5.172323652
     22.100         3.253962863
     22.110         2.181116219
     22.120         1.563264015
     22.130         1.193461052
     22.140         0.972317805
     22.150         0.856865789
     22.160         0.839796052
     22.170         0.932073539
     22.180         1.058731773
     22.190         0.958628813
     22.200         0.699561530
     22.210         0.502538477
     22.220         0.381726016
     22.230         0.305728294
     22.240         0.254541026
     22.250         0.217825686
     22.260         0.190147923
     22.270         0.168475487
     22.280         0.151005365
     22.290         0.136601861
     22.300         0.124513214
     22.310         0.114220490
     22.320         0.105352643
     22.330         0.097636413
     22.340         0.090865486
     22.350         0.084880770
     22.360         0.079557359
     22.370         0.074795660
     22.380         0.070515193
     22.390         0.066650151
     22.400         0.063146174
     22.410         0.059957940
     22.420         0.057047356
     22.430         0.054382170
     22.440         0.051934893
     22.450         0.049681956
     22.460         0.047603037
     22.470         0.045680533
     22.480         0.043899119
     22.490         0.042245402
     22.500         0.040707630
     22.510         0.039275457
     22.520         0.037939741
     22.530         0.036692385
     22.540         0.035526193
     22.550         0.034434758
     22.560         0.033412363
     22.570         0.032453896
     22.580         0.031554777
     22.590         0.030710901
     22.600         0.029918582
     22.610         0.029174511
     22.620         0.028475716
     22.630         0.027819526
     22.640         0.027203547
     22.650         0.026625635
     22.660         0.026083876
     22.670         0.025576565
     22.680         0.025102194
     22.690         0.024659440
     22.700         0.024247149
     22.710         0.023864334
     22.720         0.023510166
     22.730         0.023183969
     22.740         0.022885219
     22.750         0.022613543
     22.760         0.022368720
     22.770         0.022150683
     22.780         0.021959531
     22.790         0.021795530
     22.800         0.021659128
     22.810         0.021550968
     22.820         0.021471907
     22.830         0.021423041
     22.840         0.021405725
     22.850         0.021421615
     22.860         0.021472706
     22.870         0.021561382
     22.880         0.021690479
     22.890         0.021863361
     22.900         0.022084015
     22.910         0.022357166
     22.920         0.022688424
     22.930         0.023084463
     22.940         0.023553254
     22.950         0.024104358
     22.960         0.024749299
     22.970         0.025502057
     22.980         0.026379703
     22.990         0.027403258
     23.000         0.028598826
     23.010         0.029999163
     23.020         0.031645841
     23.030         0.033592302
     23.040         0.035908266
     23.050         0.038686225
     23.060         0.042051269
     23.070         0.046176386
     23.080         0.051307104
     23.090         0.057802705
     23.100         0.066208216
     23.110         0.077386429
     23.120         0.092773239
     23.130         0.114898453
     23.140         0.148488184
     23.150         0.202704202
     23.160         0.293838306
     23.170         0.432047348
     23.180         0.539395021
     23.190         0.513596136
     23.200         0.484757773
     23.210         0.553967631
     23.220         0.763281289
     23.230         1.174871786
     23.240         1.704480149
     23.250         1.735181888
     23.260         1.200570345
     23.270         0.740250150
     23.280         0.472307719
     23.290         0.320911005
     23.300         0.230938760
     23.310         0.174178883
     23.320         0.136410699
     23.330         0.110130134
     23.340         0.091152479
     23.350         0.077019403
     23.360         0.066218671
     23.370         0.057782063
     23.380         0.051067818
     23.390         0.045637576
     23.400         0.041183952
     23.410         0.037486388
     23.420         0.034383374
     23.430         0.031754493
     23.440         0.029508509
     23.450         0.027575291
     23.460         0.025900229
     23.470         0.024440297
     23.480         0.023161236
     23.490         0.022035503
     23.500         0.021040762
     23.510         0.020158754
     23.520         0.019374447
     23.530         0.018675386
     23.540         0.018051192
     23.550         0.017493171
     23.560         0.016994009
     23.570         0.016547531
     23.580         0.016148510
     23.590         0.015792509
     23.600         0.015475763
     23.610         0.015195075
     23.620         0.014947736
     23.630         0.014731460
     23.640         0.014544329
     23.650         0.014384752
     23.660         0.014251427
     23.670         0.014143314
     23.680         0.014059616
     23.690         0.013999758
     23.700         0.013963377
     23.710         0.013950313
     23.720         0.013960606
     23.730         0.013994494
     23.740         0.014052420
     23.750         0.014135032
     23.760         0.014243201
     23.770         0.014378031
     23.780         0.014540884
     23.790         0.014733400
     23.800         0.014957531
     23.810         0.015215581
     23.820         0.015510252
     23.830         0.015844701
     23.840         0.016222613
     23.850         0.016648285
     23.860         0.017126732
     23.870         0.017663815
     23.880         0.018266401
     23.890         0.018942560
     23.900         0.019701809
     23.910         0.020555418
     23.920         0.021516795
     23.930         0.022601984
     23.940         0.023830287
     23.950         0.025225079
     23.960         0.026814872
     23.970         0.028634708
     23.980         0.030728028
     23.990         0.033149180
     24.000         0.035966854