0.000  0
0.005  0.975443
0.015  0
0.025  0
0.035  0
0.045  0
0.055  0
0.065  0
0.075  0
0.085  0
0.095  0
0.105  0
0.115  0
0.125  0
0.135  0
0.145  0
0.155  0
0.165  0
0.175  0
0.185  0
0.195  0
0.205  0
0.215  0
0.225  0
0.235  0
0.245  0
0.255  0
0.265  0
0.275  0
0.285  0
0.295  0
0.305  0
0.315  0
0.325  0
0.335  0
0.345  0
0.355  0
0.365  0
0.375  0
0.385  0
0.395  0
0.405  0
0.415  0
0.425  0
0.435  0
0.445  0
0.455  0
0.465  0
0.475  0
0.485  0
0.495  0
0.505  0
0.515  0
0.525  0
0.535  0
0.545  0
0.555  0
0.565  0
0.575  0
0.585  0
0.595  0
0.605  0
0.615  0
0.625  0
0.635  0
0.645  0
0.655  0
0.665  0
0.675  0
0.685  0
0.695  0
0.705  0
0.715  0
0.725  0
0.735  0
0.745  0
0.755  0
0.765  0
0.775  0
0.785  0
0.795  0
0.805  0
0.815  0
0.825  0
0.835  0
0.845  0
0.855  0
0.865  0
0.875  0
0.885  0
0.895  0
0.905  0
0.915  0
0.925  0
0.935  0
0.945  0
0.955  0
0.965  0
0.975  0
0.985  0
0.995  0
1.005  0
1.015  0
1.025  0
1.035  0
1.045  0
1.055  0
1.065  0
1.075  0
1.085  0
1.095  0
1.105  0
1.115  0
1.125  0
1.135  0
1.145  0
1.155  0
1.165  0
1.175  0
1.185  0
1.195  0
1.205  0
1.215  0
1.225  0
1.235  0
1.245  0
1.255  0
1.265  0
1.275  0
1.285  0
1.295  0
1.305  0
1.315  0
1.325  0
1.335  0
1.345  0
1.355  0
1.365  0
1.375  0
1.385  0
1.395  0
1.405  0
1.415  0
1.425  0
1.435  0
1.445  0
1.455  0
1.465  0
1.475  0
1.485  0
1.495  0
1.505  0
1.515  0
1.525  0
1.535  0
1.545  0
1.555  0
1.565  0
1.575  0
1.585  0
1.595  0
1.605  0
1.615  0
1.625  0
1.635  0
1.645  0
1.655  0
1.665  0
1.675  0
1.685  0
1.695  0
1.705  0
1.715  0
1.725  0
1.735  0
1.745  0
1.755  0
1.765  0
1.775  0
1.785  0
1.795  0
1.805  0
1.815  0
1.825  0
1.835  0
1.845  0
1.855  0
1.865  0
1.875  0
1.885  0
1.895  0
1.905  0
1.915  0
1.925  0
1.935  0
1.945  0
1.955  0
1.965  0
1.975  0
1.985  0
1.995  0
2.005  0
2.015  0
2.025  0
2.035  0
2.045  0
2.055  0
2.065  0
2.075  0
2.085  0
2.095  0
2.105  0
2.115  0
2.125  0
2.135  0
2.145  0
2.155  0
2.165  0
2.175  0
2.185  0
2.195  0
2.205  0
2.215  0
2.225  0
2.235  0
2.245  0
2.255  0
2.265  0
2.275  0
2.285  0
2.295  0
2.305  0
2.315  0
2.325  0
2.335  0
2.345  0
2.355  0
2.365  0
2.375  0
2.385  0
2.395  0
2.405  0
2.415  0
2.425  0
2.435  0
2.445  0
2.455  0
2.465  0
2.475  0
2.485  0
2.495  0
2.505  0
2.515  0
2.525  0
2.535  0
2.545  0
2.555  0
2.565  0
2.575  0
2.585  0
2.595  0
2.605  0
2.615  0
2.625  0
2.635  0
2.645  0
2.655  0
2.665  0
2.675  0
2.685  0
2.695  0
2.705  0
2.715  0
2.725  0
2.735  0
2.745  0
2.755  0
2.765  0
2.775  0
2.785  0
2.795  0
2.805  0
2.815  0
2.825  0
2.835  0
2.845  0
2.855  0
2.865  0
2.875  0
2.885  0
2.895  0
2.905  0
2.915  0
2.925  0
2.935  0
2.945  0
2.955  0
2.965  0
2.975  0
2.985  0
2.995  0
3.005  0
3.015  0
3.025  0
3.035  0
3.045  0
3.055  0
3.065  0
3.075  0
3.085  0
3.095  0
3.105  0
3.115  0
3.125  0
3.135  0
3.145  0
3.155  0
3.165  0
3.175  0
3.185  0
3.195  0
3.205  0
3.215  0
3.225  0
3.235  0
3.245  0
3.255  0
3.265  0
3.275  0
3.285  0
3.295  0
3.305  0
3.315  0
3.325  0
3.335  0
3.345  0
3.355  0
3.365  0
3.375  0
3.385  0
3.395  0
3.405  0
3.415  0
3.425  0
3.435  0
3.445  0
3.455  0
3.465  0
3.475  0
3.485  0
3.495  0
3.505  0
3.515  0
3.525  0
3.535  0
3.545  0
3.555  0
3.565  0
3.575  0
3.585  0
3.595  0
3.605  0
3.615  0
3.625  0
3.635  0
3.645  0
3.655  0
3.665  0
3.675  0
3.685  0
3.695  0
3.705  0
3.715  0
3.725  0
3.735  0
3.745  0
3.755  0
3.765  0
3.775  0
3.785  0
3.795  0
3.805  0
3.815  0
3.825  0
3.835  0
3.845  0
3.855  0
3.865  0
3.875  0
3.885  0
3.895  0
3.905  0
3.915  0
3.925  0
3.935  0
3.945  0
3.955  0
3.965  0
3.975  0
3.985  0
3.995  0
4.005  0
4.015  0
4.025  0
4.035  0
4.045  0
4.055  0
4.065  0
4.075  0
4.085  0
4.095  0
4.105  0
4.115  0
4.125  0
4.135  0
4.145  0
4.155  0
4.165  0
4.175  0
4.185  0
4.195  0
4.205  0
4.215  0
4.225  0
4.235  0
4.245  0
4.255  0
4.265  0
4.275  0
4.285  0
4.295  0
4.305  0
4.315  0
4.325  0
4.335  0
4.345  0
4.355  0
4.365  0
4.375  0
4.385  0
4.395  0
4.405  0
4.415  0
4.425  0
4.435  0
4.445  0
4.455  0
4.465  0
4.475  0
4.485  0
4.495  0
4.505  0
4.515  0
4.525  0
4.535  0
4.545  0
4.555  0
4.565  0
4.575  0
4.585  0
4.595  0
4.605  0
4.615  0
4.625  0
4.635  0
4.645  0
4.655  0
4.665  0
4.675  0
4.685  0
4.695  0
4.705  0
4.715  0
4.725  0
4.735  0
4.745  0
4.755  0
4.765  0
4.775  0
4.785  0
4.795  0
4.805  0
4.815  0
4.825  0
4.835  0
4.845  0
4.855  0
4.865  0
4.875  0
4.885  0
4.895  0
4.905  0
4.915  0
4.925  0
4.935  0
4.945  0
4.955  0
4.965  0
4.975  0
4.985  0
4.995  0
5.005  0
5.015  0
5.025  0
5.035  0
5.045  0
5.055  0
5.065  0
5.075  0
5.085  0
5.095  0
5.105  0
5.115  0
5.125  0
5.135  0
5.145  0
5.155  0
5.165  0
5.175  0
5.185  0
5.195  0
5.205  0
5.215  0
5.225  0
5.235  0
5.245  0
5.255  0
5.265  0
5.275  0
5.285  0
5.295  0
5.305  0
5.315  0
5.325  0
5.335  0
5.345  0
5.355  0
5.365  0
5.375  0
5.385  0
5.395  0
5.405  0
5.415  0
5.425  0
5.435  0
5.445  0
5.455  0
5.465  0
5.475  0
5.485  0
5.495  0
5.505  0
5.515  0
5.525  0
5.535  0
5.545  0
5.555  0.011212
5.565  0.011212
5.575  0
5.585  0
5.595  0
5.605  0
5.615  0
5.625  0
5.635  0
5.645  0
5.655  0
5.665  0
5.675  0
5.685  0.011212
5.695  0
5.705  0
5.715  0.011212
5.725  0
5.735  0
5.745  0
5.755  0
5.765  0
5.775  0
5.785  0
5.795  0
5.805  0
5.815  0
5.825  0
5.835  0
5.845  0
5.855  0
5.865  0
5.875  0
5.885  0
5.895  0
5.905  0
5.915  0
5.925  0.011212
5.935  0
5.945  0
5.955  0
5.965  0
5.975  0
5.985  0
5.995  0
6.005  0
6.015  0.011212
6.025  0
6.035  0
6.045  0
6.055  0
6.065  0
6.075  0
6.085  0
6.095  0
6.105  0
6.115  0
6.125  0
6.135  0
6.145  0
6.155  0
6.165  0.011212
6.175  0
6.185  0
6.195  0
6.205  0
6.215  0
6.225  0
6.235  0
6.245  0
6.255  0
6.265  0
6.275  0
6.285  0
6.295  0
6.305  0
6.315  0
6.325  0
6.335  0
6.345  0
6.355  0
6.365  0.011212
6.375  0
6.385  0
6.395  0
6.405  0.011212
6.415  0
6.425  0
6.435  0
6.445  0
6.455  0
6.465  0
6.475  0
6.485  0.022424
6.495  0
6.505  0
6.515  0
6.525  0
6.535  0
6.545  0.011212
6.555  0
6.565  0
6.575  0
6.585  0
6.595  0
6.605  0
6.615  0
6.625  0
6.635  0
6.645  0
6.655  0.011212
6.665  0
6.675  0
6.685  0
6.695  0
6.705  0
6.715  0
6.725  0
6.735  0
6.745  0
6.755  0
6.765  0
6.775  0.011212
6.785  0
6.795  0.011212
6.805  0
6.815  0
6.825  0.011212
6.835  0.011212
6.845  0
6.855  0
6.865  0
6.875  0.011212
6.885  0.011212
6.895  0
6.905  0
6.915  0
6.925  0
6.935  0
6.945  0.011212
6.955  0
6.965  0
6.975  0
6.985  0.011212
6.995  0
7.005  0
7.015  0.011212
7.025  0
7.035  0
7.045  0
7.055  0
7.065  0
7.075  0
7.085  0
7.095  0.011212
7.105  0
7.115  0
7.125  0.011212
7.135  0
7.145  0
7.155  0
7.165  0
7.175  0
7.185  0.011212
7.195  0.011212
7.205  0
7.215  0
7.225  0
7.235  0.011212
7.245  0
7.255  0
7.265  0.011212
7.275  0
7.285  0
7.295  0
7.305  0.011212
7.315  0
7.325  0
7.335  0
7.345  0
7.355  0
7.365  0
7.375  0.011212
7.385  0
7.395  0
7.405  0
7.415  0
7.425  0
7.435  0
7.445  0
7.455  0.022424
7.465  0
7.475  0.011212
7.485  0
7.495  0
7.505  0.022424
7.515  0
7.525  0
7.535  0
7.545  0.011212
7.555  0
7.565  0
7.575  0.011212
7.585  0
7.595  0
7.605  0
7.615  0
7.625  0.011212
7.635  0.011212
7.645  0
7.655  0.011212
7.665  0
7.675  0
7.685  0
7.695  0
7.705  0
7.715  0
7.725  0.011212
7.735  0.011212
7.745  0
7.755  0.011212
7.765  0
7.775  0.022424
7.785  0.011212
7.795  0
7.805  0
7.815  0.033636
7.825  0
7.835  0
7.845  0
7.855  0
7.865  0
7.875  0
7.885  0
7.895  0
7.905  0.011212
7.915  0.022424
7.925  0.022424
7.935  0
7.945  0
7.955  0.022424
7.965  0
7.975  0.011212
7.985  0.0448479
7.995  0
8.005  0
8.015  0
8.025  0.022424
8.035  0
8.045  0
8.055  0.011212
8.065  0.011212
8.075  0
8.085  0.011212
8.095  0.011212
8.105  0.033636
8.115  0
8.125  0
8.135  0.011212
8.145  0.011212
8.155  0.011212
8.165  0
8.175  0
8.185  0
8.195  0.022424
8.205  0
8.215  0.033636
8.225  0.033636
8.235  0.022424
8.245  0
8.255  0.011212
8.265  0
8.275  0.022424
8.285  0
8.295  0
8.305  0.011212
8.315  0.033636
8.325  0.022424
8.335  0.022424
8.345  0
8.355  0
8.365  0.011212
8.375  0.011212
8.385  0
8.395  0.033636
8.405  0
8.415  0
8.425  0.022424
8.435  0.011212
8.445  0
8.455  0.0560599
8.465  0
8.475  0.011212
8.485  0.011212
8.495  0.011212
8.505  0
8.515  0.022424
8.525  0
8.535  0
8.545  0.022424
8.555  0
8.565  0.022424
8.575  0
8.585  0.022424
8.595  0.011212
8.605  0
8.615  0.022424
8.625  0
8.635  0.0448479
8.645  0.0448479
8.655  0.033636
8.665  0.0448479
8.675  0
8.685  0
8.695  0.011212
8.705  0.011212
8.715  0
8.725  0
8.735  0
8.745  0.022424
8.755  0.022424
8.765  0.0896959
8.775  0.201816
8.785  0.22424
8.795  0.33636
8.805  0.571811
8.815  1.05393
8.825  1.49119
8.835  2.54512
8.845  3.10572
8.855  3.41966
8.865  3.75602
8.875  4.52964
8.885  4.70903
8.895  5.03418
8.905  4.9557
8.915  4.91085
8.925  4.49601
8.935  5.02297
8.945  5.29206
8.955  5.76296
8.965  5.78538
8.975  5.54993
8.985  5.40418
8.995  5.50508
9.005  5.22479
9.015  4.55207
9.025  5.47145
9.035  5.49387
9.045  5.59478
9.055  4.77631
9.065  5.71811
9.075  4.77631
9.085  4.91085
9.095  5.28085
9.105  5.06782
9.115  5.1463
9.125  4.70903
9.135  3.3636
9.145  3.7448
9.155  4.3054
9.165  4.05874
9.175  3.67753
9.185  5.09024
9.195  5.32569
9.205  6.28992
9.215  7.17567
9.225  8.94716
9.235  11.3577
9.245  12.535
9.255  14.9456
9.265  15.6631
9.275  15.8762
9.285  14.968
9.295  13.5217
9.305  11.8286
9.315  11.5035
9.325  10.3262
9.335  10.2926
9.345  9.28352
9.355  10.5617
9.365  11.3802
9.375  11.212
9.385  11.8847
9.395  12.0865
9.405  13.2301
9.415  11.9183
9.425  11.4923
9.435  11.1447
9.445  10.4159
9.455  12.1874
9.465  10.0908
9.475  11.3017
9.485  12.4229
9.495  12.8714
9.505  12.5686
9.515  12.3108
9.525  11.952
9.535  12.4677
9.545  11.5035
9.555  10.3038
9.565  8.35293
9.575  8.48747
9.585  8.73414
9.595  9.5414
9.605  9.28352
9.615  11.425
9.625  11.6156
9.635  12.6695
9.645  13.0059
9.655  14.3962
9.665  13.3647
9.675  14.1944
9.685  14.1383
9.695  13.3871
9.705  12.1314
9.715  12.1089
9.725  9.61988
9.735  9.5414
9.745  7.74748
9.755  7.06355
9.765  6.86173
9.775  7.16446
9.785  7.23173
9.795  7.05234
9.805  6.98507
9.815  8.11748
9.825  7.60173
9.835  8.47626
9.845  8.18475
9.855  8.87989
9.865  7.96051
9.875  9.22746
9.885  9.24989
9.895  9.28352
9.905  10.5729
9.915  11.1111
9.925  11.2344
9.935  10.4159
9.945  10.8868
9.955  9.31716
9.965  8.99201
9.975  9.90018
9.985  9.27231
9.995  9.49655
10.005  9.8217
10.015  10.1805
10.025  10.0796
10.035  10.4047
10.045  10.2253
10.055  9.74322
10.065  9.24989
10.075  8.85747
10.085  8.47626
10.095  7.97172
10.105  7.31021
10.115  7.14203
10.125  7.13082
10.135  7.88203
10.145  8.8911
10.155  8.95838
10.165  9.61988
10.175  10.472
10.185  10.4944
10.195  11.0326
10.205  9.96745
10.215  11.3241
10.225  9.68716
10.235  10.1917
10.245  10.1468
10.255  10.1132
10.265  10.2029
10.275  9.27231
10.285  10.0123
10.295  9.13777
10.305  8.57717
10.315  8.75656
10.325  7.68021
10.335  7.69142
10.345  6.96264
10.355  6.53659
10.365  5.35933
10.375  5.84144
10.385  6.05447
10.395  6.05447
10.405  5.59478
10.415  6.0769
10.425  4.82115
10.435  5.50508
10.445  4.61934
10.455  5.07903
10.465  5.17994
10.475  5.46024
10.485  6.02084
10.495  6.22265
10.505  6.78325
10.515  7.3887
10.525  7.48961
10.535  7.22052
10.545  8.30808
10.555  7.60173
10.565  8.47626
10.575  8.16233
10.585  8.84626
10.595  9.40686
10.605  9.1714
10.615  9.97867
10.625  8.96959
10.635  9.00322
10.645  8.93595
10.655  8.99201
10.665  8.02778
10.675  8.90232
10.685  8.1399
10.695  8.39778
10.705  7.64657
10.715  7.46718
10.725  7.37749
10.735  8.44263
10.745  7.16446
10.755  6.1778
10.765  6.94022
10.775  6.86173
10.785  6.8281
10.795  6.58144
10.805  6.58144
10.815  6.14417
10.825  5.74054
10.835  7.35506
10.845  8.21839
10.855  9.5414
10.865  9.67594
10.875  9.92261
10.885  9.60867
10.895  9.59746
10.905  9.83291
10.915  9.20504
10.925  8.65565
10.935  8.44263
10.945  7.60173
10.955  7.50082
10.965  7.81475
10.975  7.669
10.985  7.73627
10.995  8.74535
11.005  8.63323
11.015  9.85534
11.025  10.3823
11.035  10.4608
11.045  11.1559
11.055  10.5505
11.065  11.2568
11.075  10.2814
11.085  9.87776
11.095  8.92474
11.105  9.27231
11.115  8.75656
11.125  9.67594
11.135  10.102
11.145  10.0459
11.155  9.96745
11.165  10.8308
11.175  9.93382
11.185  9.33958
11.195  8.24081
11.205  7.33264
11.215  7.83718
11.225  7.44476
11.235  7.80354
11.245  8.67808
11.255  10.1468
11.265  10.3935
11.275  10.629
11.285  11.8735
11.295  10.9205
11.305  11.1223
11.315  9.6311
11.325  9.22746
11.335  8.21839
11.345  8.15111
11.355  8.63323
11.365  8.66686
11.375  9.12656
11.385  9.61988
11.395  10.1805
11.405  8.72292
11.415  9.24989
11.425  9.23868
11.435  9.50776
11.445  7.91566
11.455  8.40899
11.465  7.55688
11.475  8.25202
11.485  8.74535
11.495  8.65565
11.505  9.04807
11.515  9.02565
11.525  10.1468
11.535  10.1468
11.545  11.2232
11.555  11.5147
11.565  12.2547
11.575  13.3759
11.585  13.5553
11.595  11.8399
11.605  12.9947
11.615  11.6717
11.625  11.055
11.635  10.2141
11.645  10.1244
11.655  9.22746
11.665  9.49655
11.675  8.43141
11.685  9.79928
11.695  9.68716
11.705  9.49655
11.715  9.42928
11.725  9.04807
11.735  8.86868
11.745  9.57504
11.755  9.98988
11.765  9.46292
11.775  10.0347
11.785  8.87989
11.795  9.42928
11.805  8.27445
11.815  7.96051
11.825  7.54567
11.835  7.82597
11.845  7.25415
11.855  7.73627
11.865  7.1084
11.875  7.27658
11.885  7.18688
11.895  7.05234
11.905  8.6108
11.915  8.01657
11.925  8.05021
11.935  9.42928
11.945  9.38443
11.955  8.37535
11.965  8.6108
11.975  8.25202
11.985  9.64231
11.995  9.29474
12.005  9.55261
12.015  9.79928
12.025  10.842
12.035  10.5729
12.045  11.3914
12.055  12.0641
12.065  11.7053
12.075  13.4095
12.085  12.2547
12.095  12.6247
12.105  11.5371
12.115  10.8532
12.125  10.8644
12.135  10.1581
12.145  9.78806
12.155  8.7005
12.165  8.95838
12.175  7.88203
12.185  8.2296
12.195  7.81475
12.205  8.21839
12.215  8.53232
12.225  8.56596
12.235  7.91566
12.245  8.39778
12.255  8.96959
12.265  8.99201
12.275  9.40686
12.285  9.42928
12.295  9.30595
12.305  8.80141
12.315  8.95838
12.325  7.89324
12.335  7.45597
12.345  7.9493
12.355  7.65779
12.365  7.5793
12.375  7.17567
12.385  7.90445
12.395  7.96051
12.405  7.93809
12.415  8.01657
12.425  8.17354
12.435  8.15111
12.445  8.02778
12.455  7.46718
12.465  8.18475
12.475  7.90445
12.485  8.18475
12.495  7.73627
12.505  7.87081
12.515  8.57717
12.525  8.64444
12.535  9.00322
12.545  9.3508
12.555  11.1447
12.565  10.6402
12.575  11.0662
12.585  11.582
12.595  11.7053
12.605  12.1986
12.615  11.3577
12.625  11.6156
12.635  11.1783
12.645  11.0214
12.655  10.4608
12.665  10.2365
12.675  9.79928
12.685  9.66473
12.695  9.94503
12.705  10.6962
12.715  10.5281
12.725  11.6493
12.735  11.7389
12.745  12.4453
12.755  13.5217
12.765  12.3332
12.775  12.4341
12.785  11.9408
12.795  12.7592
12.805  12.2435
12.815  12.1538
12.825  12.535
12.835  12.692
12.845  12.3668
12.855  11.6717
12.865  12.4902
12.875  12.165
12.885  12.6471
12.895  11.8623
12.905  12.3332
12.915  12.2211
12.925  11.9856
12.935  12.4229
12.945  12.3108
12.955  11.9296
12.965  11.9856
12.975  13.4992
12.985  12.4117
12.995  13.3871
13.005  13.8468
13.015  14.8335
13.025  15.1922
13.035  15.3156
13.045  14.9904
13.055  14.9119
13.065  15.6407
13.075  16.1901
13.085  16.6162
13.095  15.1025
13.105  16.4592
13.115  16.2686
13.125  15.4389
13.135  15.6519
13.145  15.6071
13.155  16.6162
13.165  15.5847
13.175  15.338
13.185  15.3492
13.195  17.0646
13.205  17.771
13.215  18.4886
13.225  20.1143
13.235  20.6637
13.245  21.9531
13.255  21.5719
13.265  21.4149
13.275  20.8879
13.285  20.0582
13.295  19.6658
13.305  18.6007
13.315  19.1501
13.325  18.9595
13.335  17.0871
13.345  16.2574
13.355  15.0577
13.365  14.7998
13.375  14.5083
13.385  14.3177
13.395  13.8132
13.405  13.5329
13.415  14.2168
13.425  13.8692
13.435  14.9344
13.445  14.6541
13.455  14.385
13.465  14.4635
13.475  13.5441
13.485  13.1629
13.495  12.6583
13.505  12.9274
13.515  12.535
13.525  11.9408
13.535  12.0641
13.545  12.3892
13.555  13.0956
13.565  13.4544
13.575  13.9589
13.585  14.1383
13.595  14.3626
13.605  15.338
13.615  15.0241
13.625  14.8671
13.635  13.6226
13.645  14.5644
13.655  14.2729
13.665  14.071
13.675  13.8917
13.685  13.6674
13.695  14.071
13.705  14.385
13.715  14.6877
13.725  15.4725
13.735  14.4522
13.745  15.4838
13.755  15.5062
13.765  16.4031
13.775  16.1901
13.785  15.6183
13.795  16.4143
13.805  15.5174
13.815  15.0353
13.825  15.1698
13.835  14.6989
13.845  15.2707
13.855  14.8222
13.865  15.8537
13.875  16.2462
13.885  15.2035
13.895  15.8201
13.905  15.2483
13.915  15.6407
13.925  15.4389
13.935  14.7325
13.945  14.0935
13.955  13.9141
13.965  14.5868
13.975  14.5419
13.985  14.8447
13.995  14.7325
14.005  15.3604
14.015  15.8762
14.025  16.818
14.035  16.6274
14.045  17.0759
14.055  16.8068
14.065  16.7956
14.075  17.3449
14.085  17.6925
14.095  15.7977
14.105  15.6968
14.115  16.5825
14.125  15.338
14.135  14.7774
14.145  15.5174
14.155  15.2483
14.165  15.9771
14.175  15.1698
14.185  16.4143
14.195  17.2777
14.205  17.031
14.215  18.3204
14.225  21.4485
14.235  22.3006
14.245  21.3252
14.255  21
14.265  19.5761
14.275  18.6231
14.285  18.7352
14.295  17.8831
14.305  17.1656
14.315  17.7261
14.325  15.8425
14.335  17.2104
14.345  17.3786
14.355  18.5446
14.365  17.614
14.375  18.5895
14.385  19.1725
14.395  19.1837
14.405  18.6231
14.415  20.7085
14.425  19.4528
14.435  20.1143
14.445  21.157
14.455  20.4507
14.465  20.4731
14.475  20.8094
14.485  19.9573
14.495  20.0246
14.505  18.7577
14.515  18.6567
14.525  16.6049
14.535  17.4122
14.545  16.235
14.555  16.9637
14.565  16.1565
14.575  15.6407
14.585  16.9862
14.595  16.3695
14.605  16.078
14.615  16.291
14.625  15.8874
14.635  15.5959
14.645  15.5734
14.655  14.9456
14.665  14.3177
14.675  15.3941
14.685  16.661
14.695  15.4725
14.705  16.7731
14.715  14.6316
14.725  15.0465
14.735  15.0353
14.745  15.4613
14.755  15.2931
14.765  16.1116
14.775  15.3492
14.785  16.3471
14.795  17.6589
14.805  17.0086
14.815  17.5804
14.825  17.3337
14.835  17.2104
14.845  16.1789
14.855  17.031
14.865  16.6498
14.875  16.9637
14.885  17.3562
14.895  16.2237
14.905  16.4143
14.915  16.8516
14.925  16.9974
14.935  17.2777
14.945  17.3113
14.955  17.7149
14.965  17.3786
14.975  16.8292
14.985  16.3134
14.995  16.235
15.005  16.078
15.015  15.9434
15.025  16.3695
15.035  16.6162
15.045  18.8586
15.055  19.4864
15.065  20.6076
15.075  20.9664
15.085  20.0807
15.095  21.0897
15.105  20.047
15.115  19.991
15.125  19.307
15.135  19.9685
15.145  18.668
15.155  20.1704
15.165  20.3049
15.175  21.7849
15.185  20.5179
15.195  20.5516
15.205  20.5628
15.215  18.8922
15.225  20.0134
15.235  17.8607
15.245  16.8068
15.255  17.5692
15.265  16.3134
15.275  17.2777
15.285  17.0422
15.295  15.708
15.305  16.1565
15.315  17.2889
15.325  16.9077
15.335  17.0871
15.345  17.8719
15.355  17.984
15.365  18.7689
15.375  18.3204
15.385  18.3989
15.395  18.0289
15.405  18.724
15.415  18.6904
15.425  16.9189
15.435  17.6701
15.445  17.4683
15.455  17.4122
15.465  17.5355
15.475  18.8473
15.485  20.3161
15.495  20.0246
15.505  19.8676
15.515  19.1276
15.525  18.6007
15.535  18.8025
15.545  18.8698
15.555  18.6455
15.565  18.4437
15.575  18.8025
15.585  18.6904
15.595  20.0246
15.605  18.937
15.615  20.3946
15.625  20.3834
15.635  19.8901
15.645  19.5089
15.655  20.1479
15.665  19.4304
15.675  19.2398
15.685  20.2376
15.695  19.4304
15.705  20.0022
15.715  20.9552
15.725  20.2264
15.735  21.2467
15.745  23.0294
15.755  23.5003
15.765  23.803
15.775  22.8164
15.785  23.0294
15.795  23.2424
15.805  21.8858
15.815  22.3567
15.825  22.3567
15.835  21.8297
15.845  23.5115
15.855  22.8612
15.865  21.7288
15.875  21.8522
15.885  23.5003
15.895  22.3006
15.905  22.1997
15.915  23.96
15.925  23.0855
15.935  23.0182
15.945  22.8612
15.955  22.9285
15.965  23.9936
15.975  23.0967
15.985  22.7715
15.995  23.904
16.005  22.7491
16.015  22.7715
16.025  21.3925
16.035  21.6167
16.045  21.9755
16.055  20.9552
16.065  21.5382
16.075  22.1773
16.085  20.7197
16.095  21.8634
16.105  21.527
16.115  21.9082
16.125  22.0652
16.135  23.0631
16.145  22.5473
16.155  22.6146
16.165  23.9264
16.175  22.4912
16.185  22.4576
16.195  21.9643
16.205  23.9936
16.215  23.7246
16.225  23.8479
16.235  25.2942
16.245  25.3503
16.255  25.2494
16.265  24.2291
16.275  24.4197
16.285  23.2537
16.295  23.6461
16.305  22.8052
16.315  22.3791
16.325  23.0406
16.335  23.1976
16.345  21.6503
16.355  23.4779
16.365  22.1773
16.375  22.5249
16.385  23.2088
16.395  21.8409
16.405  21.4149
16.415  21.8522
16.425  21.6503
16.435  22.6818
16.445  22.48
16.455  23.007
16.465  23.8143
16.475  24.4309
16.485  25.4064
16.495  25.1597
16.505  25.7876
16.515  26.4827
16.525  26.2473
16.535  24.857
16.545  24.4085
16.555  23.8143
16.565  24.7561
16.575  23.9488
16.585  25.0252
16.595  24.3973
16.605  25.2494
16.615  25.0588
16.625  25.2382
16.635  25.2158
16.645  24.0609
16.655  24.8345
16.665  23.5003
16.675  24.1955
16.685  24.9018
16.695  26.0903
16.705  25.9221
16.715  25.6082
16.725  25.4176
16.735  25.9221
16.745  25.5745
16.755  25.9445
16.765  25.0812
16.775  24.117
16.785  24.2515
16.795  25.2158
16.805  23.9824
16.815  23.7133
16.825  23.4555
16.835  24.5767
16.845  23.5452
16.855  24.2627
16.865  23.7806
16.875  23.3882
16.885  24.4309
16.895  23.8255
16.905  23.2761
16.915  24.1282
16.925  23.6685
16.935  24.543
16.945  24.7449
16.955  24.5094
16.965  24.6215
16.975  25.6194
16.985  25.6642
16.995  27.5815
17.005  25.3951
17.015  27.9739
17.025  27.346
17.035  27.0994
17.045  27.4245
17.055  27.8506
17.065  27.66
17.075  28.1757
17.085  26.5163
17.095  27.0994
17.105  25.6306
17.115  26.55
17.125  27.3797
17.135  27.1106
17.145  27.8394
17.155  26.337
17.165  27.5591
17.175  26.4939
17.185  25.5297
17.195  25.2045
17.205  25.07
17.215  25.07
17.225  26.3482
17.235  24.8906
17.245  25.3391
17.255  25.9894
17.265  26.0791
17.275  25.8324
17.285  27.2115
17.295  25.81
17.305  26.3482
17.315  26.2809
17.325  26.1015
17.335  26.8079
17.345  24.3524
17.355  25.4064
17.365  24.9803
17.375  25.5185
17.385  25.5185
17.395  26.5051
17.405  26.5836
17.415  25.4961
17.425  25.3951
17.435  24.8009
17.445  25.2606
17.455  25.3951
17.465  25.9221
17.475  26.0006
17.485  26.2248
17.495  27.0994
17.505  26.7742
17.515  27.4133
17.525  27.4806
17.535  27.0545
17.545  27.8169
17.555  26.2024
17.565  26.3706
17.575  26.8751
17.585  25.9445
17.595  25.6754
17.605  25.5297
17.615  26.6285
17.625  25.283
17.635  26.0454
17.645  25.7988
17.655  26.4939
17.665  26.92
17.675  25.1933
17.685  25.0027
17.695  25.283
17.705  25.3503
17.715  24.2179
17.725  24.7673
17.735  24.7224
17.745  25.6418
17.755  24.6664
17.765  25.2382
17.775  25.2942
17.785  25.9557
17.795  24.8233
17.805  24.913
17.815  24.6439
17.825  24.4197
17.835  24.4533
17.845  25.0139
17.855  24.7673
17.865  24.543
17.875  24.0833
17.885  24.0721
17.895  24.8794
17.905  24.1394
17.915  23.2088
17.925  23.2424
17.935  22.794
17.945  23.007
17.955  22.48
17.965  23.3882
17.975  22.7491
17.985  22.48
17.995  22.2109
18.005  22.5137
18.015  22.8949
18.025  21.6055
18.035  21.7064
18.045  22.0091
18.055  21.6616
18.065  21.2019
18.075  22.5025
18.085  21.6616
18.095  22.6818
18.105  21.4037
18.115  21.8185
18.125  22.1212
18.135  21.9755
18.145  22.3791
18.155  22.7603
18.165  21.7625
18.175  23.2873
18.185  23.22
18.195  22.7715
18.205  22.5809
18.215  21.9194
18.225  23.377
18.235  23.4443
18.245  23.6685
18.255  23.7918
18.265  23.8815
18.275  23.0967
18.285  20.944
18.295  21.8858
18.305  21.6279
18.315  21.3925
18.325  20.8655
18.335  21.0113
18.345  21.8073
18.355  22.2894
18.365  20.8991
18.375  21.5382
18.385  21.3588
18.395  21.7961
18.405  21.5494
18.415  22.3119
18.425  22.2558
18.435  21.8746
18.445  22.1549
18.455  22.7715
18.465  22.4464
18.475  22.6818
18.485  22.8949
18.495  21.8185
18.505  22.3791
18.515  23.2424
18.525  22.5585
18.535  22.3791
18.545  21.7849
18.555  21.5943
18.565  22.7155
18.575  23.5676
18.585  22.3006
18.595  22.4576
18.605  21.3252
18.615  21.5382
18.625  20.6637
18.635  21.0785
18.645  21.4485
18.655  20.8094
18.665  21.8746
18.675  21.1122
18.685  21.3252
18.695  20.5628
18.705  20.8431
18.715  20.9552
18.725  21.3476
18.735  20.3722
18.745  20.1031
18.755  21.0785
18.765  21.0449
18.775  19.6658
18.785  20.3161
18.795  20.3834
18.805  19.9573
18.815  19.7779
18.825  19.9573
18.835  19.621
18.845  20.3385
18.855  20.9552
18.865  19.3407
18.875  19.1725
18.885  19.2622
18.895  19.3855
18.905  18.8922
18.915  20.3161
18.925  18.6455
18.935  19.307
18.945  20.2825
18.955  19.834
18.965  20.1143
18.975  19.5986
18.985  19.5425
18.995  20.8094
19.005  19.834
19.015  20.574
19.025  19.5537
19.035  21.2019
19.045  21.0897
19.055  20.6749
19.065  20.7758
19.075  20.5179
19.085  20.2937
19.095  20.9664
19.105  20.4955
19.115  20.7758
19.125  20.6861
19.135  19.8676
19.145  19.834
19.155  18.5783
19.165  20.0246
19.175  19.5537
19.185  18.9483
19.195  19.7219
19.205  20.7534
19.215  19.8676
19.225  19.4416
19.235  19.4528
19.245  18.1858
19.255  19.1725
19.265  18.668
19.275  19.0828
19.285  18.3204
19.295  18.2307
19.305  19.0043
19.315  18.6792
19.325  18.8922
19.335  18.7801
19.345  19.5986
19.355  17.8046
19.365  19.2398
19.375  17.9952
19.385  18.1522
19.395  18.9146
19.405  19.3407
19.415  18.7016
19.425  19.2173
19.435  18.8922
19.445  19.5537
19.455  18.937
19.465  19.6658
19.475  19.1276
19.485  18.881
19.495  19.2734
19.505  20.6301
19.515  18.3764
19.525  18.8249
19.535  19.6434
19.545  18.6792
19.555  18.7913
19.565  17.401
19.575  18.0849
19.585  18.0737
19.595  18.3764
19.605  18.6904
19.615  18.0737
19.625  18.4325
19.635  18.7352
19.645  17.6028
19.655  18.567
19.665  17.5019
19.675  17.8943
19.685  18.4661
19.695  18.0625
19.705  17.2104
19.715  17.3225
19.725  17.2552
19.735  17.6365
19.745  19.1389
19.755  18.5334
19.765  17.8943
19.775  18.4886
19.785  17.5916
19.795  17.4346
19.805  17.4795
19.815  17.1992
19.825  17.9504
19.835  17.244
19.845  16.8853
19.855  17.771
19.865  18.4101
19.875  17.7822
19.885  17.0983
19.895  17.5019
19.905  17.8943
19.915  17.2552
19.925  18.1522
19.935  17.3786
19.945  17.0759
19.955  17.7037
19.965  17.4122
19.975  16.661
19.985  16.874
19.995  17.1207
20.005  17.0422
20.015  16.9077
20.025  16.9525
20.035  17.3786
20.045  16.9974
20.055  17.9055
20.065  17.0759
20.075  17.5355
20.085  17.7934
20.095  17.5019
20.105  16.9077
20.115  17.3225
20.125  17.3001
20.135  16.6834
20.145  17.8271
20.155  16.3134
20.165  17.4907
20.175  17.5916
20.185  17.8943
20.195  17.5916
20.205  17.6252
20.215  17.771
20.225  17.8271
20.235  18.6231
20.245  17.984
20.255  17.5692
20.265  18.0961
20.275  18.3877
20.285  17.8495
20.295  17.5692
20.305  17.1768
20.315  17.3113
20.325  16.6834
20.335  16.9862
20.345  17.5468
20.355  16.8068
20.365  17.0871
20.375  15.9771
20.385  16.4256
20.395  15.7528
20.405  16.8853
20.415  16.4928
20.425  16.874
20.435  16.874
20.445  16.504
20.455  16.2013
20.465  16.1453
20.475  17.0198
20.485  16.5265
20.495  16.2237
20.505  16.4704
20.515  16.8068
20.525  16.0331
20.535  16.1453
20.545  16.1677
20.555  16.3359
20.565  16.0556
20.575  15.9322
20.585  15.6631
20.595  16.448
20.605  16.078
20.615  16.661
20.625  16.6386
20.635  16.7619
20.645  15.8762
20.655  16.2462
20.665  15.8986
20.675  15.4838
20.685  15.9547
20.695  16.078
20.705  15.8089
20.715  15.8986
20.725  15.5847
20.735  15.865
20.745  16.0892
20.755  15.3941
20.765  15.2259
20.775  17.0534
20.785  15.2595
20.795  15.9322
20.805  16.5377
20.815  16.9862
20.825  16.5713
20.835  15.708
20.845  15.8313
20.855  16.1901
20.865  16.0668
20.875  16.9637
20.885  16.5489
20.895  16.4143
20.905  15.181
20.915  16.3471
20.925  16.2462
20.935  15.865
20.945  16.4143
20.955  15.6968
20.965  15.8089
20.975  16.291
20.985  15.3492
20.995  15.5959
21.005  15.5174
21.015  15.8313
21.025  16.1004
21.035  16.3471
21.045  15.0913
21.055  15.1698
21.065  16.3247
21.075  16.4592
21.085  15.181
21.095  16.1789
21.105  15.4725
21.115  15.4277
21.125  15.6856
21.135  15.5398
21.145  15.8537
21.155  15.2707
21.165  15.7641
21.175  15.7865
21.185  15.6071
21.195  16.3022
21.205  16.235
21.215  15.8201
21.225  15.6968
21.235  15.4838
21.245  15.3268
21.255  15.1586
21.265  15.1474
21.275  15.5286
21.285  14.1271
21.295  15.2707
21.305  15.1474
21.315  15.9883
21.325  15.708
21.335  15.2371
21.345  14.3962
21.355  15.6856
21.365  15.0353
21.375  15.3492
21.385  15.8089
21.395  15.708
21.405  15.2035
21.415  14.9904
21.425  15.1138
21.435  15.7641
21.445  15.3828
21.455  15.0353
21.465  14.9568
21.475  14.8895
21.485  14.8222
21.495  14.598
21.505  15.4389
21.515  14.4859
21.525  14.2168
21.535  13.8132
21.545  15.1362
21.555  15.0353
21.565  13.5665
21.575  15.1138
21.585  14.4747
21.595  14.6429
21.605  14.9119
21.615  13.8132
21.625  14.4074
21.635  14.0486
21.645  14.1047
21.655  14.811
21.665  14.7998
21.675  15.0801
21.685  14.6541
21.695  14.8447
21.705  13.6114
21.715  13.9701
21.725  15.0913
21.735  14.4747
21.745  14.8559
21.755  15.5959
21.765  14.2841
21.775  14.6316
21.785  14.9344
21.795  15.1138
21.805  14.8671
21.815  15.0016
21.825  14.7998
21.835  15.4501
21.845  14.8447
21.855  14.5083
21.865  14.3738
21.875  14.8447
21.885  13.9253
21.895  13.9701
21.905  15.1362
21.915  13.6674
21.925  14.6541
21.935  14.9007
21.945  14.7213
21.955  14.228
21.965  14.8783
21.975  14.1719
21.985  14.0935
21.995  14.9904
22.005  13.2862
22.015  14.3626
22.025  13.8356
22.035  13.6114
22.045  13.7123
22.055  13.488
22.065  13.6226
22.075  14.2168
22.085  14.598
22.095  13.7459
22.105  14.5644
22.115  12.8153
22.125  13.7123
22.135  14.2953
22.145  13.5217
22.155  13.701
22.165  13.3423
22.175  14.0935
22.185  14.385
22.195  13.8356
22.205  13.7459
22.215  13.9141
22.225  13.6001
22.235  13.6114
22.245  13.5889
22.255  14.4298
22.265  13.488
22.275  13.4768
22.285  13.3759
22.295  13.2974
22.305  13.2526
22.315  13.5553
22.325  13.7123
22.335  13.6338
22.345  14.1719
22.355  13.5217
22.365  13.118
22.375  13.8804
22.385  13.118
22.395  13.5553
22.405  13.1404
22.415  12.9498
22.425  13.2301
22.435  13.7795
22.445  13.6338
22.455  14.0038
22.465  13.5104
22.475  13.701
22.485  13.9253
22.495  13.3647
22.505  13.5553
22.515  12.4341
22.525  13.0508
22.535  13.1965
22.545  12.8153
22.555  13.0395
22.565  13.8132
22.575  13.488
22.585  12.7929
22.595  13.8468
22.605  13.2862
22.615  13.645
22.625  13.3423
22.635  12.9274
22.645  13.275
22.655  13.2301
22.665  13.3311
22.675  13.5777
22.685  13.4544
22.695  13.9926
22.705  13.8804
22.715  12.692
22.725  12.7929
22.735  13.0508
22.745  13.275
22.755  13.3983
22.765  12.3892
22.775  11.8735
22.785  13.2077
22.795  12.9723
22.805  12.9498
22.815  12.9386
22.825  12.5798
22.835  14.0262
22.845  12.7368
22.855  12.6583
22.865  13.488
22.875  13.1965
22.885  13.0283
22.895  13.2526
22.905  12.4565
22.915  12.4341
22.925  12.9498
22.935  13.1741
22.945  12.7705
22.955  13.2526
22.965  13.9253
22.975  12.6359
22.985  13.2862
22.995  12.9723
23.005  13.432
23.015  12.4789
23.025  12.7368
23.035  13.2638
23.045  13.0283
23.055  12.5798
23.065  13.2077
23.075  12.8938
23.085  12.6808
23.095  12.0641
23.105  12.3108
23.115  13.275
23.125  13.0059
23.135  12.8377
23.145  12.0977
23.155  13.2077
23.165  12.4789
23.175  12.4453
23.185  12.7032
23.195  12.4453
23.205  12.8041
23.215  12.6023
23.225  13.701
23.235  13.1741
23.245  13.5329
23.255  12.5462
23.265  13.2862
23.275  12.2771
23.285  12.4677
23.295  12.8714
23.305  13.0844
23.315  13.432
23.325  11.9296
23.335  12.3108
23.345  12.9274
23.355  12.905
23.365  13.701
23.375  12.0977
23.385  12.748
23.395  12.3556
23.405  12.2211
23.415  12.748
23.425  12.1874
23.435  13.3198
23.445  12.3892
23.455  12.2099
23.465  12.8826
23.475  11.9968
23.485  12.1089
23.495  12.3668
23.505  12.8714
23.515  12.5014
23.525  12.2323
23.535  12.5798
23.545  13.062
23.555  12.7144
23.565  12.165
23.575  12.1314
23.585  12.0977
23.595  12.8265
23.605  11.369
23.615  12.7144
23.625  12.7144
23.635  13.4544
23.645  12.3332
23.655  12.0977
23.665  12.0753
23.675  11.9744
23.685  12.0865
23.695  12.8489
23.705  12.3332
23.715  12.0529
23.725  12.535
23.735  11.2344
23.745  12.8489
23.755  12.2995
23.765  12.905
23.775  12.0641
23.785  12.2435
23.795  12.5686
23.805  12.0977
23.815  12.322
23.825  13.0171
23.835  12.1314
23.845  12.8714
23.855  12.4453
23.865  12.1762
23.875  12.3108
23.885  12.1426
23.895  12.9386
23.905  13.3983
23.915  11.7502
23.925  12.4902
23.935  11.582
23.945  12.6135
23.955  11.9744
23.965  12.9162
23.975  11.9408
23.985  12.5014
23.995  13.0395
24.005  13.1741
24.015  12.5686
24.025  12.0641
24.035  12.4229
24.045  12.7144
24.055  11.8511
24.065  12.0977
24.075  12.8826
24.085  12.1202
24.095  12.5126
24.105  12.7705
24.115  12.5574
24.125  12.6583
24.135  12.7256
24.145  12.0305
24.155  12.3892
24.165  11.7726
24.175  11.8847
24.185  11.8623
24.195  12.1314
24.205  11.8735
24.215  12.0529
24.225  11.9856
24.235  11.1783
24.245  12.4565
24.255  12.0417
24.265  11.3465
24.275  11.8062
24.285  11.7614
24.295  12.7592
24.305  12.4229
24.315  12.3108
24.325  11.4586
24.335  11.8174
24.345  12.1986
24.355  11.8399
24.365  11.2456
24.375  12.2099
24.385  11.6941
24.395  11.7614
24.405  11.8847
24.415  11.4362
24.425  11.9071
24.435  11.9296
24.445  11.369
24.455  10.9653
24.465  12.1762
24.475  10.9653
24.485  12.1874
24.495  11.425
24.505  11.8735
24.515  11.7726
24.525  11.8735
24.535  12.3108
24.545  11.1896
24.555  12.008
24.565  11.6605
24.575  11.6156
24.585  11.3241
24.595  12.5126
24.605  10.9541
24.615  11.4811
24.625  12.4677
24.635  12.8041
24.645  12.0192
24.655  11.8623
24.665  12.008
24.675  12.6023
24.685  12.3668
24.695  12.4453
24.705  11.4586
24.715  12.1874
24.725  12.0977
24.735  11.6605
24.745  12.0753
24.755  12.1314
24.765  11.7614
24.775  12.322
24.785  12.5014
24.795  12.2323
24.805  12.4341
24.815  11.7165
24.825  11.8847
24.835  11.9071
24.845  10.9429
24.855  11.795
24.865  11.8286
24.875  12.0529
24.885  12.5574
24.895  12.0305
24.905  12.6471
24.915  11.8399
24.925  11.9071
24.935  11.8959
24.945  11.1671
24.955  11.8735
24.965  10.999
24.975  11.8511
24.985  11.5708
24.995  11.6268
25.005  11.8623
25.015  11.952
25.025  12.4117
25.035  11.8399
25.045  11.5371
25.055  11.2008
25.065  11.9856
25.075  10.7074
25.085  11.7838
25.095  11.2905
25.105  11.2232
25.115  11.4811
25.125  11.8286
25.135  11.1447
25.145  11.5483
25.155  11.582
25.165  11.8062
25.175  12.165
25.185  12.2211
25.195  11.5035
25.205  12.0641
25.215  10.7299
25.225  11.7165
25.235  11.3353
25.245  10.5505
25.255  11.582
25.265  11.0774
25.275  10.5505
25.285  11.5708
25.295  11.6156
25.305  12.1874
25.315  11.6268
25.325  11.7502
25.335  11.2568
25.345  11.4811
25.355  11.5708
25.365  11.5708
25.375  11.1447
25.385  11.1783
25.395  11.4811
25.405  11.8623
25.415  11.5371
25.425  10.9541
25.435  11.5708
25.445  10.9653
25.455  10.842
25.465  11.0662
25.475  11.1111
25.485  11.4026
25.495  11.1335
25.505  11.0774
25.515  11.0214
25.525  10.8981
25.535  10.2814
25.545  10.629
25.555  10.7187
25.565  10.2029
25.575  10.1693
25.585  10.0459
25.595  9.16019
25.605  10.4832
25.615  9.64231
25.625  9.81049
25.635  9.3508
25.645  8.95838
25.655  9.33958
25.665  9.16019
25.675  8.67808
25.685  8.26323
25.695  7.84839
25.705  8.45384
25.715  7.73627
25.725  7.79233
25.735  7.8596
25.745  7.54567
25.755  6.87295
25.765  6.98507
25.775  7.22052
25.785  6.77204
25.795  6.21144
25.805  5.87508
25.815  5.87508
25.825  5.93114
25.835  5.52751
25.845  5.03418
25.855  5.02297
25.865  4.59691
25.875  4.51843
25.885  3.92419
25.895  4.06995
25.905  3.44208
25.915  2.87027
25.925  2.66845
25.935  2.65724
25.945  2.28725
25.955  2.1527
25.965  1.70422
25.975  1.53604
25.985  1.22211
25.995  1.06514
26.005  0.583023
26.015  0.627871
26.025  0.313936
26.035  0.269088
26.045  0.213028
26.055  0.201816
26.065  0.0560599
26.075  0.0896959
26.085  0
26.095  0.0896959
26.105  0.0672719
26.115  0.0784839
26.125  0.0448479
26.135  0.011212
26.145  0.0448479
26.155  0
26.165  0.0448479
26.175  0.011212
26.185  0.011212
26.195  0.022424
26.205  0.011212
26.215  0
26.225  0
26.235  0
26.245  0.011212
26.255  0
26.265  0
26.275  0
26.285  0
26.295  0
26.305  0.011212
26.315  0
26.325  0
26.335  0
26.345  0
26.355  0
26.365  0
26.375  0
26.385  0
26.395  0
26.405  0
26.415  0
26.425  0
26.435  0
26.445  0
26.455  0
26.465  0
26.475  0
26.485  0
26.495  0
26.505  0
26.515  0
26.525  0
26.535  0
26.545  0
26.555  0
26.565  0
26.575  0
26.585  0
26.595  0
26.605  0
26.615  0
26.625  0
26.635  0
26.645  0
26.655  0
26.665  0
26.675  0
26.685  0
26.695  0.011212
26.705  0
26.715  0
26.725  0
26.735  0
26.745  0
26.755  0
26.765  0
26.775  0
26.785  0
26.795  0
26.805  0
26.815  0
26.825  0
26.835  0
26.845  0
26.855  0
26.865  0
26.875  0
26.885  0
26.895  0
26.905  0
26.915  0
26.925  0
26.935  0
26.945  0
26.955  0
26.965  0.011212
26.975  0
26.985  0
26.995  0
27.005  0
27.015  0
27.025  0
27.035  0
27.045  0
27.055  0
27.065  0
27.075  0
27.085  0
27.095  0
27.105  0
27.115  0
27.125  0
27.135  0
27.145  0
27.155  0
27.165  0
27.175  0
27.185  0
27.195  0
27.205  0
27.215  0
27.225  0
27.235  0
27.245  0
27.255  0
27.265  0
27.275  0
27.285  0
27.295  0
27.305  0
27.315  0
27.325  0
27.335  0
27.345  0
27.355  0
27.365  0
27.375  0
27.385  0
27.395  0
27.405  0
27.415  0
27.425  0
27.435  0
27.445  0
27.455  0
27.465  0
27.475  0
27.485  0
27.495  0
27.505  0
27.515  0
27.525  0
27.535  0.011212
27.545  0
27.555  0
27.565  0
27.575  0
27.585  0
27.595  0
27.605  0
27.615  0
27.625  0
27.635  0
27.645  0
27.655  0
27.665  0
27.675  0
27.685  0
27.695  0
27.705  0
27.715  0
27.725  0
27.735  0
27.745  0
27.755  0
27.765  0
27.775  0
27.785  0
27.795  0
27.805  0
27.815  0
27.825  0
27.835  0
27.845  0
27.855  0
27.865  0
27.875  0
27.885  0
27.895  0
27.905  0
27.915  0
27.925  0
27.935  0
27.945  0
27.955  0
27.965  0
27.975  0
27.985  0
27.995  0
28.005  0
28.015  0
28.025  0
28.035  0
28.045  0
28.055  0
28.065  0
28.075  0
28.085  0
28.095  0
28.105  0
28.115  0
28.125  0
28.135  0
28.145  0
28.155  0
28.165  0
28.175  0
28.185  0
28.195  0
28.205  0
28.215  0
28.225  0
28.235  0
28.245  0
28.255  0
28.265  0
28.275  0
28.285  0
28.295  0
28.305  0
28.315  0
28.325  0
28.335  0
28.345  0
28.355  0
28.365  0
28.375  0
28.385  0
28.395  0
28.405  0
28.415  0
28.425  0
28.435  0
28.445  0
28.455  0
28.465  0
28.475  0
28.485  0
28.495  0
28.505  0
28.515  0
28.525  0
28.535  0
28.545  0.011212
28.555  0
28.565  0
28.575  0
28.585  0
28.595  0
28.605  0
28.615  0
28.625  0
28.635  0
28.645  0
28.655  0
28.665  0
28.675  0
28.685  0
28.695  0
28.705  0
28.715  0
28.725  0
28.735  0
28.745  0
28.755  0
28.765  0
28.775  0
28.785  0
28.795  0
28.805  0
28.815  0
28.825  0
28.835  0
28.845  0
28.855  0
28.865  0
28.875  0
28.885  0
28.895  0
28.905  0
28.915  0
28.925  0
28.935  0
28.945  0
28.955  0
28.965  0
28.975  0
28.985  0
28.995  0
29.005  0
29.015  0
29.025  0
29.035  0
29.045  0
29.055  0
29.065  0
29.075  0
29.085  0
29.095  0
29.105  0
29.115  0
29.125  0
29.135  0
29.145  0
29.155  0
29.165  0
29.175  0
29.185  0
29.195  0
29.205  0
29.215  0
29.225  0
29.235  0
29.245  0
29.255  0
29.265  0
29.275  0
29.285  0
29.295  0
29.305  0
29.315  0
29.325  0
29.335  0
29.345  0
29.355  0
29.365  0
29.375  0
29.385  0
29.395  0
29.405  0
29.415  0
29.425  0
29.435  0
29.445  0
29.455  0
29.465  0
29.475  0
29.485  0
29.495  0
29.505  0
29.515  0
29.525  0
29.535  0
29.545  0
29.555  0
29.565  0
29.575  0
29.585  0
29.595  0
29.605  0
29.615  0
29.625  0
29.635  0
29.645  0
29.655  0
29.665  0
29.675  0
29.685  0
29.695  0
29.705  0
29.715  0
29.725  0
29.735  0
29.745  0
29.755  0
29.765  0
29.775  0
29.785  0
29.795  0
29.805  0
29.815  0
29.825  0
29.835  0
29.845  0
29.855  0
29.865  0
29.875  0
29.885  0
29.895  0
29.905  0
29.915  0
29.925  0
29.935  0
29.945  0
29.955  0
29.965  0
29.975  0
29.985  0
30.000  0
