-0.005  0
0.005  87
0.015  0
0.025  0
0.035  0
0.045  0
0.055  0
0.065  0
0.075  0
0.085  0
0.095  0
0.105  0
0.115  0
0.125  0
0.135  0
0.145  0
0.155  0
0.165  0
0.175  0
0.185  0
0.195  0
0.205  0
0.215  0
0.225  0
0.235  0
0.245  0
0.255  0
0.265  0
0.275  0
0.285  0
0.295  0
0.305  0
0.315  0
0.325  0
0.335  0
0.345  0
0.355  0
0.365  0
0.375  0
0.385  0
0.395  0
0.405  0
0.415  0
0.425  0
0.435  0
0.445  0
0.455  0
0.465  0
0.475  0
0.485  0
0.495  0
0.505  0
0.515  0
0.525  0
0.535  0
0.545  0
0.555  0
0.565  0
0.575  0
0.585  0
0.595  0
0.605  0
0.615  0
0.625  0
0.635  0
0.645  0
0.655  0
0.665  0
0.675  0
0.685  0
0.695  0
0.705  0
0.715  0
0.725  0
0.735  0
0.745  0
0.755  0
0.765  0
0.775  0
0.785  0
0.795  0
0.805  0
0.815  0
0.825  0
0.835  0
0.845  0
0.855  0
0.865  0
0.875  0
0.885  0
0.895  0
0.905  0
0.915  0
0.925  0
0.935  0
0.945  0
0.955  0
0.965  0
0.975  0
0.985  0
0.995  0
1.005  0
1.015  0
1.025  0
1.035  0
1.045  0
1.055  0
1.065  0
1.075  0
1.085  0
1.095  0
1.105  0
1.115  0
1.125  0
1.135  0
1.145  0
1.155  0
1.165  0
1.175  0
1.185  0
1.195  0
1.205  0
1.215  0
1.225  0
1.235  0
1.245  0
1.255  0
1.265  0
1.275  0
1.285  0
1.295  0
1.305  0
1.315  0
1.325  0
1.335  0
1.345  0
1.355  0
1.365  0
1.375  0
1.385  0
1.395  0
1.405  0
1.415  0
1.425  0
1.435  0
1.445  0
1.455  0
1.465  0
1.475  0
1.485  0
1.495  0
1.505  0
1.515  0
1.525  0
1.535  0
1.545  0
1.555  0
1.565  0
1.575  0
1.585  0
1.595  0
1.605  0
1.615  0
1.625  0
1.635  0
1.645  0
1.655  0
1.665  0
1.675  0
1.685  0
1.695  0
1.705  0
1.715  0
1.725  0
1.735  0
1.745  0
1.755  0
1.765  0
1.775  0
1.785  0
1.795  0
1.805  0
1.815  0
1.825  0
1.835  0
1.845  0
1.855  0
1.865  0
1.875  0
1.885  0
1.895  0
1.905  0
1.915  0
1.925  0
1.935  0
1.945  0
1.955  0
1.965  0
1.975  0
1.985  0
1.995  0
2.005  0
2.015  0
2.025  0
2.035  0
2.045  0
2.055  0
2.065  0
2.075  0
2.085  0
2.095  0
2.105  0
2.115  0
2.125  0
2.135  0
2.145  0
2.155  0
2.165  0
2.175  0
2.185  0
2.195  0
2.205  0
2.215  0
2.225  0
2.235  0
2.245  0
2.255  0
2.265  0
2.275  0
2.285  0
2.295  0
2.305  0
2.315  0
2.325  0
2.335  0
2.345  0
2.355  0
2.365  0
2.375  0
2.385  0
2.395  0
2.405  0
2.415  0
2.425  0
2.435  0
2.445  0
2.455  0
2.465  0
2.475  0
2.485  0
2.495  0
2.505  0
2.515  0
2.525  0
2.535  0
2.545  0
2.555  0
2.565  0
2.575  0
2.585  0
2.595  0
2.605  0
2.615  0
2.625  0
2.635  0
2.645  0
2.655  0
2.665  0
2.675  0
2.685  0
2.695  0
2.705  0
2.715  0
2.725  0
2.735  0
2.745  0
2.755  0
2.765  0
2.775  0
2.785  0
2.795  0
2.805  0
2.815  0
2.825  0
2.835  0
2.845  0
2.855  0
2.865  0
2.875  0
2.885  0
2.895  0
2.905  0
2.915  0
2.925  0
2.935  0
2.945  0
2.955  0
2.965  0
2.975  0
2.985  0
2.995  0
3.005  0
3.015  0
3.025  0
3.035  0
3.045  0
3.055  0
3.065  0
3.075  0
3.085  0
3.095  0
3.105  0
3.115  0
3.125  0
3.135  0
3.145  0
3.155  0
3.165  0
3.175  0
3.185  0
3.195  0
3.205  0
3.215  0
3.225  0
3.235  0
3.245  0
3.255  0
3.265  0
3.275  0
3.285  0
3.295  0
3.305  0
3.315  0
3.325  0
3.335  0
3.345  0
3.355  0
3.365  0
3.375  0
3.385  0
3.395  0
3.405  0
3.415  0
3.425  0
3.435  0
3.445  0
3.455  0
3.465  0
3.475  0
3.485  0
3.495  0
3.505  0
3.515  0
3.525  0
3.535  0
3.545  0
3.555  0
3.565  0
3.575  0
3.585  0
3.595  0
3.605  0
3.615  0
3.625  0
3.635  0
3.645  0
3.655  0
3.665  0
3.675  0
3.685  0
3.695  0
3.705  0
3.715  0
3.725  0
3.735  0
3.745  0
3.755  0
3.765  0
3.775  0
3.785  0
3.795  0
3.805  0
3.815  0
3.825  0
3.835  0
3.845  0
3.855  0
3.865  0
3.875  0
3.885  0
3.895  0
3.905  0
3.915  0
3.925  0
3.935  0
3.945  0
3.955  0
3.965  0
3.975  0
3.985  0
3.995  0
4.005  0
4.015  0
4.025  0
4.035  0
4.045  0
4.055  0
4.065  0
4.075  0
4.085  0
4.095  0
4.105  0
4.115  0
4.125  0
4.135  0
4.145  0
4.155  0
4.165  0
4.175  0
4.185  0
4.195  0
4.205  0
4.215  0
4.225  0
4.235  0
4.245  0
4.255  0
4.265  0
4.275  0
4.285  0
4.295  0
4.305  0
4.315  0
4.325  0
4.335  0
4.345  0
4.355  0
4.365  0
4.375  0
4.385  0
4.395  0
4.405  0
4.415  0
4.425  0
4.435  0
4.445  0
4.455  0
4.465  0
4.475  0
4.485  0
4.495  0
4.505  0
4.515  0
4.525  0
4.535  0
4.545  0
4.555  0
4.565  0
4.575  0
4.585  0
4.595  0
4.605  0
4.615  0
4.625  0
4.635  0
4.645  0
4.655  0
4.665  0
4.675  0
4.685  0
4.695  0
4.705  0
4.715  0
4.725  0
4.735  0
4.745  0
4.755  0
4.765  0
4.775  0
4.785  0
4.795  0
4.805  0
4.815  0
4.825  0
4.835  0
4.845  0
4.855  0
4.865  0
4.875  0
4.885  0
4.895  0
4.905  0
4.915  0
4.925  0
4.935  0
4.945  0
4.955  0
4.965  0
4.975  0
4.985  0
4.995  0
5.005  0
5.015  0
5.025  0
5.035  0
5.045  0
5.055  0
5.065  0
5.075  0
5.085  0
5.095  0
5.105  0
5.115  0
5.125  0
5.135  0
5.145  0
5.155  0
5.165  0
5.175  0
5.185  0
5.195  0
5.205  0
5.215  0
5.225  0
5.235  0
5.245  0
5.255  0
5.265  0
5.275  0
5.285  0
5.295  0
5.305  0
5.315  0
5.325  0
5.335  0
5.345  0
5.355  0
5.365  0
5.375  0
5.385  0
5.395  0
5.405  0
5.415  0
5.425  0
5.435  0
5.445  0
5.455  0
5.465  0
5.475  0
5.485  0
5.495  0
5.505  0
5.515  0
5.525  0
5.535  0
5.545  0
5.555  1
5.565  1
5.575  0
5.585  0
5.595  -1
5.605  0
5.615  0
5.625  -1
5.635  0
5.645  0
5.655  0
5.665  0
5.675  0
5.685  1
5.695  0
5.705  0
5.715  1
5.725  0
5.735  0
5.745  0
5.755  0
5.765  0
5.775  0
5.785  0
5.795  0
5.805  0
5.815  0
5.825  0
5.835  0
5.845  0
5.855  0
5.865  0
5.875  0
5.885  0
5.895  0
5.905  0
5.915  0
5.925  1
5.935  0
5.945  0
5.955  0
5.965  0
5.975  0
5.985  0
5.995  0
6.005  0
6.015  1
6.025  0
6.035  0
6.045  0
6.055  0
6.065  0
6.075  0
6.085  0
6.095  0
6.105  0
6.115  0
6.125  0
6.135  0
6.145  0
6.155  0
6.165  1
6.175  0
6.185  0
6.195  0
6.205  0
6.215  0
6.225  0
6.235  0
6.245  0
6.255  0
6.265  0
6.275  0
6.285  0
6.295  0
6.305  0
6.315  0
6.325  0
6.335  0
6.345  0
6.355  0
6.365  1
6.375  0
6.385  0
6.395  0
6.405  1
6.415  0
6.425  0
6.435  0
6.445  0
6.455  0
6.465  0
6.475  0
6.485  2
6.495  0
6.505  0
6.515  0
6.525  0
6.535  0
6.545  1
6.555  0
6.565  0
6.575  0
6.585  0
6.595  0
6.605  0
6.615  0
6.625  0
6.635  0
6.645  0
6.655  1
6.665  0
6.675  0
6.685  0
6.695  0
6.705  0
6.715  0
6.725  0
6.735  0
6.745  0
6.755  0
6.765  0
6.775  1
6.785  0
6.795  1
6.805  0
6.815  0
6.825  1
6.835  1
6.845  0
6.855  0
6.865  0
6.875  1
6.885  1
6.895  0
6.905  0
6.915  0
6.925  0
6.935  0
6.945  1
6.955  0
6.965  0
6.975  0
6.985  1
6.995  0
7.005  0
7.015  1
7.025  0
7.035  0
7.045  0
7.055  0
7.065  0
7.075  0
7.085  0
7.095  1
7.105  0
7.115  0
7.125  1
7.135  0
7.145  0
7.155  0
7.165  0
7.175  0
7.185  1
7.195  1
7.205  0
7.215  0
7.225  0
7.235  1
7.245  0
7.255  0
7.265  1
7.275  0
7.285  0
7.295  0
7.305  1
7.315  0
7.325  0
7.335  0
7.345  0
7.355  0
7.365  0
7.375  1
7.385  0
7.395  0
7.405  0
7.415  0
7.425  0
7.435  0
7.445  0
7.455  2
7.465  0
7.475  1
7.485  0
7.495  0
7.505  2
7.515  0
7.525  0
7.535  0
7.545  1
7.555  0
7.565  0
7.575  1
7.585  0
7.595  0
7.605  0
7.615  0
7.625  1
7.635  1
7.645  0
7.655  1
7.665  0
7.675  0
7.685  0
7.695  0
7.705  0
7.715  0
7.725  1
7.735  1
7.745  0
7.755  1
7.765  0
7.775  2
7.785  1
7.795  0
7.805  0
7.815  3
7.825  0
7.835  0
7.845  0
7.855  0
7.865  0
7.875  0
7.885  0
7.895  0
7.905  1
7.915  2
7.925  2
7.935  0
7.945  0
7.955  2
7.965  0
7.975  1
7.985  4
7.995  0
8.005  0
8.015  0
8.025  2
8.035  0
8.045  0
8.055  1
8.065  1
8.075  0
8.085  1
8.095  1
8.105  3
8.115  0
8.125  0
8.135  1
8.145  1
8.155  1
8.165  0
8.175  0
8.185  0
8.195  2
8.205  0
8.215  3
8.225  3
8.235  2
8.245  0
8.255  1
8.265  0
8.275  2
8.285  0
8.295  0
8.305  1
8.315  3
8.325  2
8.335  2
8.345  0
8.355  0
8.365  1
8.375  1
8.385  0
8.395  3
8.405  0
8.415  0
8.425  2
8.435  1
8.445  0
8.455  5
8.465  0
8.475  1
8.485  1
8.495  1
8.505  0
8.515  2
8.525  0
8.535  0
8.545  2
8.555  0
8.565  2
8.575  0
8.585  2
8.595  1
8.605  0
8.615  2
8.625  0
8.635  4
8.645  4
8.655  3
8.665  4
8.675  0
8.685  0
8.695  1
8.705  1
8.715  0
8.725  0
8.735  0
8.745  2
8.755  2
8.765  8
8.775  18
8.785  20
8.795  30
8.805  51
8.815  94
8.825  133
8.835  227
8.845  277
8.855  305
8.865  335
8.875  404
8.885  420
8.895  449
8.905  442
8.915  438
8.925  401
8.935  448
8.945  472
8.955  514
8.965  516
8.975  495
8.985  482
8.995  491
9.005  466
9.015  406
9.025  488
9.035  490
9.045  499
9.055  426
9.065  510
9.075  426
9.085  438
9.095  471
9.105  452
9.115  459
9.125  420
9.135  300
9.145  334
9.155  384
9.165  362
9.175  328
9.185  454
9.195  475
9.205  561
9.215  640
9.225  798
9.235  1013
9.245  1118
9.255  1333
9.265  1397
9.275  1416
9.285  1335
9.295  1206
9.305  1055
9.315  1026
9.325  921
9.335  918
9.345  828
9.355  942
9.365  1015
9.375  1000
9.385  1060
9.395  1078
9.405  1180
9.415  1063
9.425  1025
9.435  994
9.445  929
9.455  1087
9.465  900
9.475  1008
9.485  1108
9.495  1148
9.505  1121
9.515  1098
9.525  1066
9.535  1112
9.545  1026
9.555  919
9.565  745
9.575  757
9.585  779
9.595  851
9.605  828
9.615  1019
9.625  1036
9.635  1130
9.645  1160
9.655  1284
9.665  1192
9.675  1266
9.685  1261
9.695  1194
9.705  1082
9.715  1080
9.725  858
9.735  851
9.745  691
9.755  630
9.765  612
9.775  639
9.785  645
9.795  629
9.805  623
9.815  724
9.825  678
9.835  756
9.845  730
9.855  792
9.865  710
9.875  823
9.885  825
9.895  828
9.905  943
9.915  991
9.925  1002
9.935  929
9.945  971
9.955  831
9.965  802
9.975  883
9.985  827
9.995  847
10.005  876
10.015  908
10.025  899
10.035  928
10.045  912
10.055  869
10.065  825
10.075  790
10.085  756
10.095  711
10.105  652
10.115  637
10.125  636
10.135  703
10.145  793
10.155  799
10.165  858
10.175  934
10.185  936
10.195  984
10.205  889
10.215  1010
10.225  864
10.235  909
10.245  905
10.255  902
10.265  910
10.275  827
10.285  893
10.295  815
10.305  765
10.315  781
10.325  685
10.335  686
10.345  621
10.355  583
10.365  478
10.375  521
10.385  540
10.395  540
10.405  499
10.415  542
10.425  430
10.435  491
10.445  412
10.455  453
10.465  462
10.475  487
10.485  537
10.495  555
10.505  605
10.515  659
10.525  668
10.535  644
10.545  741
10.555  678
10.565  756
10.575  728
10.585  789
10.595  839
10.605  818
10.615  890
10.625  800
10.635  803
10.645  797
10.655  802
10.665  716
10.675  794
10.685  726
10.695  749
10.705  682
10.715  666
10.725  658
10.735  753
10.745  639
10.755  551
10.765  619
10.775  612
10.785  609
10.795  587
10.805  587
10.815  548
10.825  512
10.835  656
10.845  733
10.855  851
10.865  863
10.875  885
10.885  857
10.895  856
10.905  877
10.915  821
10.925  772
10.935  753
10.945  678
10.955  669
10.965  697
10.975  684
10.985  690
10.995  780
11.005  770
11.015  879
11.025  926
11.035  933
11.045  995
11.055  941
11.065  1004
11.075  917
11.085  881
11.095  796
11.105  827
11.115  781
11.125  863
11.135  901
11.145  896
11.155  889
11.165  966
11.175  886
11.185  833
11.195  735
11.205  654
11.215  699
11.225  664
11.235  696
11.245  774
11.255  905
11.265  927
11.275  948
11.285  1059
11.295  974
11.305  992
11.315  859
11.325  823
11.335  733
11.345  727
11.355  770
11.365  773
11.375  814
11.385  858
11.395  908
11.405  778
11.415  825
11.425  824
11.435  848
11.445  706
11.455  750
11.465  674
11.475  736
11.485  780
11.495  772
11.505  807
11.515  805
11.525  905
11.535  905
11.545  1001
11.555  1027
11.565  1093
11.575  1193
11.585  1209
11.595  1056
11.605  1159
11.615  1041
11.625  986
11.635  911
11.645  903
11.655  823
11.665  847
11.675  752
11.685  874
11.695  864
11.705  847
11.715  841
11.725  807
11.735  791
11.745  854
11.755  891
11.765  844
11.775  895
11.785  792
11.795  841
11.805  738
11.815  710
11.825  673
11.835  698
11.845  647
11.855  690
11.865  634
11.875  649
11.885  641
11.895  629
11.905  768
11.915  715
11.925  718
11.935  841
11.945  837
11.955  747
11.965  768
11.975  736
11.985  860
11.995  829
12.005  852
12.015  874
12.025  967
12.035  943
12.045  1016
12.055  1076
12.065  1044
12.075  1196
12.085  1093
12.095  1126
12.105  1029
12.115  968
12.125  969
12.135  906
12.145  873
12.155  776
12.165  799
12.175  703
12.185  734
12.195  697
12.205  733
12.215  761
12.225  764
12.235  706
12.245  749
12.255  800
12.265  802
12.275  839
12.285  841
12.295  830
12.305  785
12.315  799
12.325  704
12.335  665
12.345  709
12.355  683
12.365  676
12.375  640
12.385  705
12.395  710
12.405  708
12.415  715
12.425  729
12.435  727
12.445  716
12.455  666
12.465  730
12.475  705
12.485  730
12.495  690
12.505  702
12.515  765
12.525  771
12.535  803
12.545  834
12.555  994
12.565  949
12.575  987
12.585  1033
12.595  1044
12.605  1088
12.615  1013
12.625  1036
12.635  997
12.645  983
12.655  933
12.665  913
12.675  874
12.685  862
12.695  887
12.705  954
12.715  939
12.725  1039
12.735  1047
12.745  1110
12.755  1206
12.765  1100
12.775  1109
12.785  1065
12.795  1138
12.805  1092
12.815  1084
12.825  1118
12.835  1132
12.845  1103
12.855  1041
12.865  1114
12.875  1085
12.885  1128
12.895  1058
12.905  1100
12.915  1090
12.925  1069
12.935  1108
12.945  1098
12.955  1064
12.965  1069
12.975  1204
12.985  1107
12.995  1194
13.005  1235
13.015  1323
13.025  1355
13.035  1366
13.045  1337
13.055  1330
13.065  1395
13.075  1444
13.085  1482
13.095  1347
13.105  1468
13.115  1451
13.125  1377
13.135  1396
13.145  1392
13.155  1482
13.165  1390
13.175  1368
13.185  1369
13.195  1522
13.205  1585
13.215  1649
13.225  1794
13.235  1843
13.245  1958
13.255  1924
13.265  1910
13.275  1863
13.285  1789
13.295  1754
13.305  1659
13.315  1708
13.325  1691
13.335  1524
13.345  1450
13.355  1343
13.365  1320
13.375  1294
13.385  1277
13.395  1232
13.405  1207
13.415  1268
13.425  1237
13.435  1332
13.445  1307
13.455  1283
13.465  1290
13.475  1208
13.485  1174
13.495  1129
13.505  1153
13.515  1118
13.525  1065
13.535  1076
13.545  1105
13.555  1168
13.565  1200
13.575  1245
13.585  1261
13.595  1281
13.605  1368
13.615  1340
13.625  1326
13.635  1215
13.645  1299
13.655  1273
13.665  1255
13.675  1239
13.685  1219
13.695  1255
13.705  1283
13.715  1310
13.725  1380
13.735  1289
13.745  1381
13.755  1383
13.765  1463
13.775  1444
13.785  1393
13.795  1464
13.805  1384
13.815  1341
13.825  1353
13.835  1311
13.845  1362
13.855  1322
13.865  1414
13.875  1449
13.885  1356
13.895  1411
13.905  1360
13.915  1395
13.925  1377
13.935  1314
13.945  1257
13.955  1241
13.965  1301
13.975  1297
13.985  1324
13.995  1314
14.005  1370
14.015  1416
14.025  1500
14.035  1483
14.045  1523
14.055  1499
14.065  1498
14.075  1547
14.085  1578
14.095  1409
14.105  1400
14.115  1479
14.125  1368
14.135  1318
14.145  1384
14.155  1360
14.165  1425
14.175  1353
14.185  1464
14.195  1541
14.205  1519
14.215  1634
14.225  1913
14.235  1989
14.245  1902
14.255  1873
14.265  1746
14.275  1661
14.285  1671
14.295  1595
14.305  1531
14.315  1581
14.325  1413
14.335  1535
14.345  1550
14.355  1654
14.365  1571
14.375  1658
14.385  1710
14.395  1711
14.405  1661
14.415  1847
14.425  1735
14.435  1794
14.445  1887
14.455  1824
14.465  1826
14.475  1856
14.485  1780
14.495  1786
14.505  1673
14.515  1664
14.525  1481
14.535  1553
14.545  1448
14.555  1513
14.565  1441
14.575  1395
14.585  1515
14.595  1460
14.605  1434
14.615  1453
14.625  1417
14.635  1391
14.645  1389
14.655  1333
14.665  1277
14.675  1373
14.685  1486
14.695  1380
14.705  1496
14.715  1305
14.725  1342
14.735  1341
14.745  1379
14.755  1364
14.765  1437
14.775  1369
14.785  1458
14.795  1575
14.805  1517
14.815  1568
14.825  1546
14.835  1535
14.845  1443
14.855  1519
14.865  1485
14.875  1513
14.885  1548
14.895  1447
14.905  1464
14.915  1503
14.925  1516
14.935  1541
14.945  1544
14.955  1580
14.965  1550
14.975  1501
14.985  1455
14.995  1448
15.005  1434
15.015  1422
15.025  1460
15.035  1482
15.045  1682
15.055  1738
15.065  1838
15.075  1870
15.085  1791
15.095  1881
15.105  1788
15.115  1783
15.125  1722
15.135  1781
15.145  1665
15.155  1799
15.165  1811
15.175  1943
15.185  1830
15.195  1833
15.205  1834
15.215  1685
15.225  1785
15.235  1593
15.245  1499
15.255  1567
15.265  1455
15.275  1541
15.285  1520
15.295  1401
15.305  1441
15.315  1542
15.325  1508
15.335  1524
15.345  1594
15.355  1604
15.365  1674
15.375  1634
15.385  1641
15.395  1608
15.405  1670
15.415  1667
15.425  1509
15.435  1576
15.445  1558
15.455  1553
15.465  1564
15.475  1681
15.485  1812
15.495  1786
15.505  1772
15.515  1706
15.525  1659
15.535  1677
15.545  1683
15.555  1663
15.565  1645
15.575  1677
15.585  1667
15.595  1786
15.605  1689
15.615  1819
15.625  1818
15.635  1774
15.645  1740
15.655  1797
15.665  1733
15.675  1716
15.685  1805
15.695  1733
15.705  1784
15.715  1869
15.725  1804
15.735  1895
15.745  2054
15.755  2096
15.765  2123
15.775  2035
15.785  2054
15.795  2073
15.805  1952
15.815  1994
15.825  1994
15.835  1947
15.845  2097
15.855  2039
15.865  1938
15.875  1949
15.885  2096
15.895  1989
15.905  1980
15.915  2137
15.925  2059
15.935  2053
15.945  2039
15.955  2045
15.965  2140
15.975  2060
15.985  2031
15.995  2132
16.005  2029
16.015  2031
16.025  1908
16.035  1928
16.045  1960
16.055  1869
16.065  1921
16.075  1978
16.085  1848
16.095  1950
16.105  1920
16.115  1954
16.125  1968
16.135  2057
16.145  2011
16.155  2017
16.165  2134
16.175  2006
16.185  2003
16.195  1959
16.205  2140
16.215  2116
16.225  2127
16.235  2256
16.245  2261
16.255  2252
16.265  2161
16.275  2178
16.285  2074
16.295  2109
16.305  2034
16.315  1996
16.325  2055
16.335  2069
16.345  1931
16.355  2094
16.365  1978
16.375  2009
16.385  2070
16.395  1948
16.405  1910
16.415  1949
16.425  1931
16.435  2023
16.445  2005
16.455  2052
16.465  2124
16.475  2179
16.485  2266
16.495  2244
16.505  2300
16.515  2362
16.525  2341
16.535  2217
16.545  2177
16.555  2124
16.565  2208
16.575  2136
16.585  2232
16.595  2176
16.605  2252
16.615  2235
16.625  2251
16.635  2249
16.645  2146
16.655  2215
16.665  2096
16.675  2158
16.685  2221
16.695  2327
16.705  2312
16.715  2284
16.725  2267
16.735  2312
16.745  2281
16.755  2314
16.765  2237
16.775  2151
16.785  2163
16.795  2249
16.805  2139
16.815  2115
16.825  2092
16.835  2192
16.845  2100
16.855  2164
16.865  2121
16.875  2086
16.885  2179
16.895  2125
16.905  2076
16.915  2152
16.925  2111
16.935  2189
16.945  2207
16.955  2186
16.965  2196
16.975  2285
16.985  2289
16.995  2460
17.005  2265
17.015  2495
17.025  2439
17.035  2417
17.045  2446
17.055  2484
17.065  2467
17.075  2513
17.085  2365
17.095  2417
17.105  2286
17.115  2368
17.125  2442
17.135  2418
17.145  2483
17.155  2349
17.165  2458
17.175  2363
17.185  2277
17.195  2248
17.205  2236
17.215  2236
17.225  2350
17.235  2220
17.245  2260
17.255  2318
17.265  2326
17.275  2304
17.285  2427
17.295  2302
17.305  2350
17.315  2344
17.325  2328
17.335  2391
17.345  2172
17.355  2266
17.365  2228
17.375  2276
17.385  2276
17.395  2364
17.405  2371
17.415  2274
17.425  2265
17.435  2212
17.445  2253
17.455  2265
17.465  2312
17.475  2319
17.485  2339
17.495  2417
17.505  2388
17.515  2445
17.525  2451
17.535  2413
17.545  2481
17.555  2337
17.565  2352
17.575  2397
17.585  2314
17.595  2290
17.605  2277
17.615  2375
17.625  2255
17.635  2323
17.645  2301
17.655  2363
17.665  2401
17.675  2247
17.685  2230
17.695  2255
17.705  2261
17.715  2160
17.725  2209
17.735  2205
17.745  2287
17.755  2200
17.765  2251
17.775  2256
17.785  2315
17.795  2214
17.805  2222
17.815  2198
17.825  2178
17.835  2181
17.845  2231
17.855  2209
17.865  2189
17.875  2148
17.885  2147
17.895  2219
17.905  2153
17.915  2070
17.925  2073
17.935  2033
17.945  2052
17.955  2005
17.965  2086
17.975  2029
17.985  2005
17.995  1981
18.005  2008
18.015  2042
18.025  1927
18.035  1936
18.045  1963
18.055  1932
18.065  1891
18.075  2007
18.085  1932
18.095  2023
18.105  1909
18.115  1946
18.125  1973
18.135  1960
18.145  1996
18.155  2030
18.165  1941
18.175  2077
18.185  2071
18.195  2031
18.205  2014
18.215  1955
18.225  2085
18.235  2091
18.245  2111
18.255  2122
18.265  2130
18.275  2060
18.285  1868
18.295  1952
18.305  1929
18.315  1908
18.325  1861
18.335  1874
18.345  1945
18.355  1988
18.365  1864
18.375  1921
18.385  1905
18.395  1944
18.405  1922
18.415  1990
18.425  1985
18.435  1951
18.445  1976
18.455  2031
18.465  2002
18.475  2023
18.485  2042
18.495  1946
18.505  1996
18.515  2073
18.525  2012
18.535  1996
18.545  1943
18.555  1926
18.565  2026
18.575  2102
18.585  1989
18.595  2003
18.605  1902
18.615  1921
18.625  1843
18.635  1880
18.645  1913
18.655  1856
18.665  1951
18.675  1883
18.685  1902
18.695  1834
18.705  1859
18.715  1869
18.725  1904
18.735  1817
18.745  1793
18.755  1880
18.765  1877
18.775  1754
18.785  1812
18.795  1818
18.805  1780
18.815  1764
18.825  1780
18.835  1750
18.845  1814
18.855  1869
18.865  1725
18.875  1710
18.885  1718
18.895  1729
18.905  1685
18.915  1812
18.925  1663
18.935  1722
18.945  1809
18.955  1769
18.965  1794
18.975  1748
18.985  1743
18.995  1856
19.005  1769
19.015  1835
19.025  1744
19.035  1891
19.045  1881
19.055  1844
19.065  1853
19.075  1830
19.085  1810
19.095  1870
19.105  1828
19.115  1853
19.125  1845
19.135  1772
19.145  1769
19.155  1657
19.165  1786
19.175  1744
19.185  1690
19.195  1759
19.205  1851
19.215  1772
19.225  1734
19.235  1735
19.245  1622
19.255  1710
19.265  1665
19.275  1702
19.285  1634
19.295  1626
19.305  1695
19.315  1666
19.325  1685
19.335  1675
19.345  1748
19.355  1588
19.365  1716
19.375  1605
19.385  1619
19.395  1687
19.405  1725
19.415  1668
19.425  1714
19.435  1685
19.445  1744
19.455  1689
19.465  1754
19.475  1706
19.485  1684
19.495  1719
19.505  1840
19.515  1639
19.525  1679
19.535  1752
19.545  1666
19.555  1676
19.565  1552
19.575  1613
19.585  1612
19.595  1639
19.605  1667
19.615  1612
19.625  1644
19.635  1671
19.645  1570
19.655  1656
19.665  1561
19.675  1596
19.685  1647
19.695  1611
19.705  1535
19.715  1545
19.725  1539
19.735  1573
19.745  1707
19.755  1653
19.765  1596
19.775  1649
19.785  1569
19.795  1555
19.805  1559
19.815  1534
19.825  1601
19.835  1538
19.845  1506
19.855  1585
19.865  1642
19.875  1586
19.885  1525
19.895  1561
19.905  1596
19.915  1539
19.925  1619
19.935  1550
19.945  1523
19.955  1579
19.965  1553
19.975  1486
19.985  1505
19.995  1527
20.005  1520
20.015  1508
20.025  1512
20.035  1550
20.045  1516
20.055  1597
20.065  1523
20.075  1564
20.085  1587
20.095  1561
20.105  1508
20.115  1545
20.125  1543
20.135  1488
20.145  1590
20.155  1455
20.165  1560
20.175  1569
20.185  1596
20.195  1569
20.205  1572
20.215  1585
20.225  1590
20.235  1661
20.245  1604
20.255  1567
20.265  1614
20.275  1640
20.285  1592
20.295  1567
20.305  1532
20.315  1544
20.325  1488
20.335  1515
20.345  1565
20.355  1499
20.365  1524
20.375  1425
20.385  1465
20.395  1405
20.405  1506
20.415  1471
20.425  1505
20.435  1505
20.445  1472
20.455  1445
20.465  1440
20.475  1518
20.485  1474
20.495  1447
20.505  1469
20.515  1499
20.525  1430
20.535  1440
20.545  1442
20.555  1457
20.565  1432
20.575  1421
20.585  1397
20.595  1467
20.605  1434
20.615  1486
20.625  1484
20.635  1495
20.645  1416
20.655  1449
20.665  1418
20.675  1381
20.685  1423
20.695  1434
20.705  1410
20.715  1418
20.725  1390
20.735  1415
20.745  1435
20.755  1373
20.765  1358
20.775  1521
20.785  1361
20.795  1421
20.805  1475
20.815  1515
20.825  1478
20.835  1401
20.845  1412
20.855  1444
20.865  1433
20.875  1513
20.885  1476
20.895  1464
20.905  1354
20.915  1458
20.925  1449
20.935  1415
20.945  1464
20.955  1400
20.965  1410
20.975  1453
20.985  1369
20.995  1391
21.005  1384
21.015  1412
21.025  1436
21.035  1458
21.045  1346
21.055  1353
21.065  1456
21.075  1468
21.085  1354
21.095  1443
21.105  1380
21.115  1376
21.125  1399
21.135  1386
21.145  1414
21.155  1362
21.165  1406
21.175  1408
21.185  1392
21.195  1454
21.205  1448
21.215  1411
21.225  1400
21.235  1381
21.245  1367
21.255  1352
21.265  1351
21.275  1385
21.285  1260
21.295  1362
21.305  1351
21.315  1426
21.325  1401
21.335  1359
21.345  1284
21.355  1399
21.365  1341
21.375  1369
21.385  1410
21.395  1401
21.405  1356
21.415  1337
21.425  1348
21.435  1406
21.445  1372
21.455  1341
21.465  1334
21.475  1328
21.485  1322
21.495  1302
21.505  1377
21.515  1292
21.525  1268
21.535  1232
21.545  1350
21.555  1341
21.565  1210
21.575  1348
21.585  1291
21.595  1306
21.605  1330
21.615  1232
21.625  1285
21.635  1253
21.645  1258
21.655  1321
21.665  1320
21.675  1345
21.685  1307
21.695  1324
21.705  1214
21.715  1246
21.725  1346
21.735  1291
21.745  1325
21.755  1391
21.765  1274
21.775  1305
21.785  1332
21.795  1348
21.805  1326
21.815  1338
21.825  1320
21.835  1378
21.845  1324
21.855  1294
21.865  1282
21.875  1324
21.885  1242
21.895  1246
21.905  1350
21.915  1219
21.925  1307
21.935  1329
21.945  1313
21.955  1269
21.965  1327
21.975  1264
21.985  1257
21.995  1337
22.005  1185
22.015  1281
22.025  1234
22.035  1214
22.045  1223
22.055  1203
22.065  1215
22.075  1268
22.085  1302
22.095  1226
22.105  1299
22.115  1143
22.125  1223
22.135  1275
22.145  1206
22.155  1222
22.165  1190
22.175  1257
22.185  1283
22.195  1234
22.205  1226
22.215  1241
22.225  1213
22.235  1214
22.245  1212
22.255  1287
22.265  1203
22.275  1202
22.285  1193
22.295  1186
22.305  1182
22.315  1209
22.325  1223
22.335  1216
22.345  1264
22.355  1206
22.365  1170
22.375  1238
22.385  1170
22.395  1209
22.405  1172
22.415  1155
22.425  1180
22.435  1229
22.445  1216
22.455  1249
22.465  1205
22.475  1222
22.485  1242
22.495  1192
22.505  1209
22.515  1109
22.525  1164
22.535  1177
22.545  1143
22.555  1163
22.565  1232
22.575  1203
22.585  1141
22.595  1235
22.605  1185
22.615  1217
22.625  1190
22.635  1153
22.645  1184
22.655  1180
22.665  1189
22.675  1211
22.685  1200
22.695  1248
22.705  1238
22.715  1132
22.725  1141
22.735  1164
22.745  1184
22.755  1195
22.765  1105
22.775  1059
22.785  1178
22.795  1157
22.805  1155
22.815  1154
22.825  1122
22.835  1251
22.845  1136
22.855  1129
22.865  1203
22.875  1177
22.885  1162
22.895  1182
22.905  1111
22.915  1109
22.925  1155
22.935  1175
22.945  1139
22.955  1182
22.965  1242
22.975  1127
22.985  1185
22.995  1157
23.005  1198
23.015  1113
23.025  1136
23.035  1183
23.045  1162
23.055  1122
23.065  1178
23.075  1150
23.085  1131
23.095  1076
23.105  1098
23.115  1184
23.125  1160
23.135  1145
23.145  1079
23.155  1178
23.165  1113
23.175  1110
23.185  1133
23.195  1110
23.205  1142
23.215  1124
23.225  1222
23.235  1175
23.245  1207
23.255  1119
23.265  1185
23.275  1095
23.285  1112
23.295  1148
23.305  1167
23.315  1198
23.325  1064
23.335  1098
23.345  1153
23.355  1151
23.365  1222
23.375  1079
23.385  1137
23.395  1102
23.405  1090
23.415  1137
23.425  1087
23.435  1188
23.445  1105
23.455  1089
23.465  1149
23.475  1070
23.485  1080
23.495  1103
23.505  1148
23.515  1115
23.525  1091
23.535  1122
23.545  1165
23.555  1134
23.565  1085
23.575  1082
23.585  1079
23.595  1144
23.605  1014
23.615  1134
23.625  1134
23.635  1200
23.645  1100
23.655  1079
23.665  1077
23.675  1068
23.685  1078
23.695  1146
23.705  1100
23.715  1075
23.725  1118
23.735  1002
23.745  1146
23.755  1097
23.765  1151
23.775  1076
23.785  1092
23.795  1121
23.805  1079
23.815  1099
23.825  1161
23.835  1082
23.845  1148
23.855  1110
23.865  1086
23.875  1098
23.885  1083
23.895  1154
23.905  1195
23.915  1048
23.925  1114
23.935  1033
23.945  1125
23.955  1068
23.965  1152
23.975  1065
23.985  1115
23.995  1163
24.005  1175
24.015  1121
24.025  1076
24.035  1108
24.045  1134
24.055  1057
24.065  1079
24.075  1149
24.085  1081
24.095  1116
24.105  1139
24.115  1120
24.125  1129
24.135  1135
24.145  1073
24.155  1105
24.165  1050
24.175  1060
24.185  1058
24.195  1082
24.205  1059
24.215  1075
24.225  1069
24.235  997
24.245  1111
24.255  1074
24.265  1012
24.275  1053
24.285  1049
24.295  1138
24.305  1108
24.315  1098
24.325  1022
24.335  1054
24.345  1088
24.355  1056
24.365  1003
24.375  1089
24.385  1043
24.395  1049
24.405  1060
24.415  1020
24.425  1062
24.435  1064
24.445  1014
24.455  978
24.465  1086
24.475  978
24.485  1087
24.495  1019
24.505  1059
24.515  1050
24.525  1059
24.535  1098
24.545  998
24.555  1071
24.565  1040
24.575  1036
24.585  1010
24.595  1116
24.605  977
24.615  1024
24.625  1112
24.635  1142
24.645  1072
24.655  1058
24.665  1071
24.675  1124
24.685  1103
24.695  1110
24.705  1022
24.715  1087
24.725  1079
24.735  1040
24.745  1077
24.755  1082
24.765  1049
24.775  1099
24.785  1115
24.795  1091
24.805  1109
24.815  1045
24.825  1060
24.835  1062
24.845  976
24.855  1052
24.865  1055
24.875  1075
24.885  1120
24.895  1073
24.905  1128
24.915  1056
24.925  1062
24.935  1061
24.945  996
24.955  1059
24.965  981
24.975  1057
24.985  1032
24.995  1037
25.005  1058
25.015  1066
25.025  1107
25.035  1056
25.045  1029
25.055  999
25.065  1069
25.075  955
25.085  1051
25.095  1007
25.105  1001
25.115  1024
25.125  1055
25.135  994
25.145  1030
25.155  1033
25.165  1053
25.175  1085
25.185  1090
25.195  1026
25.205  1076
25.215  957
25.225  1045
25.235  1011
25.245  941
25.255  1033
25.265  988
25.275  941
25.285  1032
25.295  1036
25.305  1087
25.315  1037
25.325  1048
25.335  1004
25.345  1024
25.355  1032
25.365  1032
25.375  994
25.385  997
25.395  1024
25.405  1058
25.415  1029
25.425  977
25.435  1032
25.445  978
25.455  967
25.465  987
25.475  991
25.485  1017
25.495  993
25.505  988
25.515  983
25.525  972
25.535  917
25.545  948
25.555  956
25.565  910
25.575  907
25.585  896
25.595  817
25.605  935
25.615  860
25.625  875
25.635  834
25.645  799
25.655  833
25.665  817
25.675  774
25.685  737
25.695  700
25.705  754
25.715  690
25.725  695
25.735  701
25.745  673
25.755  613
25.765  623
25.775  644
25.785  604
25.795  554
25.805  524
25.815  524
25.825  529
25.835  493
25.845  449
25.855  448
25.865  410
25.875  403
25.885  350
25.895  363
25.905  307
25.915  256
25.925  238
25.935  237
25.945  204
25.955  192
25.965  152
25.975  137
25.985  109
25.995  95
26.005  52
26.015  56
26.025  28
26.035  24
26.045  19
26.055  18
26.065  5
26.075  8
26.085  0
26.095  8
26.105  6
26.115  7
26.125  4
26.135  1
26.145  4
26.155  0
26.165  4
26.175  1
26.185  1
26.195  2
26.205  1
26.215  0
26.225  0
26.235  0
26.245  1
26.255  0
26.265  0
26.275  0
26.285  0
26.295  0
26.305  1
26.315  0
26.325  0
26.335  0
26.345  0
26.355  0
26.365  0
26.375  0
26.385  0
26.395  0
26.405  0
26.415  0
26.425  0
26.435  0
26.445  0
26.455  0
26.465  0
26.475  0
26.485  0
26.495  0
26.505  0
26.515  0
26.525  0
26.535  0
26.545  0
26.555  0
26.565  0
26.575  0
26.585  0
26.595  0
26.605  0
26.615  0
26.625  0
26.635  0
26.645  0
26.655  0
26.665  0
26.675  0
26.685  0
26.695  1
26.705  0
26.715  0
26.725  0
26.735  0
26.745  0
26.755  0
26.765  0
26.775  0
26.785  0
26.795  0
26.805  0
26.815  0
26.825  0
26.835  0
26.845  0
26.855  0
26.865  0
26.875  0
26.885  0
26.895  0
26.905  0
26.915  0
26.925  0
26.935  0
26.945  0
26.955  0
26.965  1
26.975  0
26.985  0
26.995  0
27.005  0
27.015  0
27.025  0
27.035  0
27.045  0
27.055  0
27.065  0
27.075  0
27.085  0
27.095  0
27.105  0
27.115  0
27.125  0
27.135  0
27.145  0
27.155  0
27.165  0
27.175  0
27.185  0
27.195  0
27.205  0
27.215  0
27.225  0
27.235  0
27.245  0
27.255  0
27.265  0
27.275  0
27.285  0
27.295  0
27.305  0
27.315  0
27.325  0
27.335  0
27.345  0
27.355  0
27.365  0
27.375  0
27.385  0
27.395  0
27.405  0
27.415  0
27.425  0
27.435  0
27.445  0
27.455  0
27.465  0
27.475  0
27.485  0
27.495  0
27.505  0
27.515  0
27.525  0
27.535  1
27.545  0
27.555  0
27.565  0
27.575  0
27.585  0
27.595  0
27.605  0
27.615  0
27.625  0
27.635  0
27.645  0
27.655  0
27.665  0
27.675  0
27.685  0
27.695  0
27.705  0
27.715  0
27.725  0
27.735  0
27.745  0
27.755  0
27.765  0
27.775  0
27.785  0
27.795  0
27.805  0
27.815  0
27.825  0
27.835  0
27.845  0
27.855  0
27.865  0
27.875  0
27.885  0
27.895  0
27.905  0
27.915  0
27.925  0
27.935  0
27.945  0
27.955  0
27.965  0
27.975  0
27.985  0
27.995  0
28.005  0
28.015  0
28.025  0
28.035  0
28.045  0
28.055  0
28.065  0
28.075  0
28.085  0
28.095  0
28.105  0
28.115  0
28.125  0
28.135  0
28.145  0
28.155  0
28.165  0
28.175  0
28.185  0
28.195  0
28.205  0
28.215  0
28.225  0
28.235  0
28.245  0
28.255  0
28.265  0
28.275  0
28.285  0
28.295  0
28.305  0
28.315  0
28.325  0
28.335  0
28.345  0
28.355  0
28.365  0
28.375  0
28.385  0
28.395  0
28.405  0
28.415  0
28.425  0
28.435  0
28.445  0
28.455  0
28.465  0
28.475  0
28.485  0
28.495  0
28.505  0
28.515  0
28.525  0
28.535  0
28.545  1
28.555  0
28.565  0
28.575  0
28.585  0
28.595  0
28.605  0
28.615  0
28.625  0
28.635  0
28.645  0
28.655  0
28.665  0
28.675  0
28.685  0
28.695  0
28.705  0
28.715  0
28.725  0
28.735  0
28.745  0
28.755  0
28.765  0
28.775  0
28.785  0
28.795  0
28.805  0
28.815  0
28.825  0
28.835  0
28.845  0
28.855  0
28.865  0
28.875  0
28.885  0
28.895  0
28.905  0
28.915  0
28.925  0
28.935  0
28.945  0
28.955  0
28.965  0
28.975  0
28.985  0
28.995  0
29.005  0
29.015  0
29.025  0
29.035  0
29.045  0
29.055  0
29.065  0
29.075  0
29.085  0
29.095  0
29.105  0
29.115  0
29.125  0
29.135  0
29.145  0
29.155  0
29.165  0
29.175  0
29.185  0
29.195  0
29.205  0
29.215  0
29.225  0
29.235  0
29.245  0
29.255  0
29.265  0
29.275  0
29.285  0
29.295  0
29.305  0
29.315  0
29.325  0
29.335  0
29.345  0
29.355  0
29.365  0
29.375  0
29.385  0
29.395  0
29.405  0
29.415  0
29.425  0
29.435  0
29.445  0
29.455  0
29.465  0
29.475  0
29.485  0
29.495  0
29.505  0
29.515  0
29.525  0
29.535  0
29.545  0
29.555  0
29.565  0
29.575  0
29.585  0
29.595  0
29.605  0
29.615  0
29.625  0
29.635  0
29.645  0
29.655  0
29.665  0
29.675  0
29.685  0
29.695  0
29.705  0
29.715  0
29.725  0
29.735  0
29.745  0
29.755  0
29.765  0
29.775  0
29.785  0
29.795  0
29.805  0
29.815  0
29.825  0
29.835  0
29.845  0
29.855  0
29.865  0
29.875  0
29.885  0
29.895  0
29.905  0
29.915  0
29.925  0
29.935  0
29.945  0
29.955  0
29.965  0
29.975  0
29.985  0
