-0.005  0
0.005  58
0.015  0
0.025  0
0.035  0
0.045  0
0.055  0
0.065  0
0.075  0
0.085  0
0.095  0
0.105  0
0.115  0
0.125  0
0.135  0
0.145  0
0.155  0
0.165  0
0.175  0
0.185  0
0.195  0
0.205  0
0.215  0
0.225  0
0.235  0
0.245  0
0.255  0
0.265  0
0.275  0
0.285  0
0.295  0
0.305  0
0.315  0
0.325  0
0.335  0
0.345  0
0.355  0
0.365  0
0.375  0
0.385  0
0.395  0
0.405  0
0.415  0
0.425  0
0.435  0
0.445  0
0.455  0
0.465  0
0.475  0
0.485  0
0.495  0
0.505  0
0.515  0
0.525  0
0.535  0
0.545  0
0.555  0
0.565  0
0.575  0
0.585  0
0.595  0
0.605  0
0.615  0
0.625  0
0.635  0
0.645  0
0.655  0
0.665  0
0.675  0
0.685  0
0.695  0
0.705  0
0.715  0
0.725  0
0.735  0
0.745  0
0.755  0
0.765  0
0.775  0
0.785  0
0.795  0
0.805  0
0.815  0
0.825  0
0.835  0
0.845  0
0.855  0
0.865  0
0.875  0
0.885  0
0.895  0
0.905  0
0.915  0
0.925  0
0.935  0
0.945  0
0.955  0
0.965  0
0.975  0
0.985  0
0.995  0
1.005  0
1.015  0
1.025  0
1.035  0
1.045  0
1.055  0
1.065  0
1.075  0
1.085  0
1.095  0
1.105  0
1.115  0
1.125  0
1.135  0
1.145  0
1.155  0
1.165  0
1.175  0
1.185  0
1.195  0
1.205  0
1.215  0
1.225  0
1.235  0
1.245  0
1.255  0
1.265  0
1.275  0
1.285  0
1.295  0
1.305  0
1.315  0
1.325  0
1.335  0
1.345  0
1.355  0
1.365  0
1.375  0
1.385  0
1.395  0
1.405  0
1.415  0
1.425  0
1.435  0
1.445  0
1.455  0
1.465  0
1.475  0
1.485  0
1.495  0
1.505  0
1.515  0
1.525  0
1.535  0
1.545  0
1.555  0
1.565  0
1.575  0
1.585  0
1.595  0
1.605  0
1.615  0
1.625  0
1.635  0
1.645  0
1.655  0
1.665  0
1.675  0
1.685  0
1.695  0
1.705  0
1.715  0
1.725  0
1.735  0
1.745  0
1.755  0
1.765  0
1.775  0
1.785  0
1.795  0
1.805  0
1.815  0
1.825  0
1.835  0
1.845  0
1.855  0
1.865  0
1.875  0
1.885  0
1.895  0
1.905  0
1.915  0
1.925  0
1.935  0
1.945  0
1.955  0
1.965  0
1.975  0
1.985  0
1.995  0
2.005  0
2.015  0
2.025  0
2.035  0
2.045  0
2.055  0
2.065  0
2.075  0
2.085  0
2.095  0
2.105  0
2.115  0
2.125  0
2.135  0
2.145  0
2.155  0
2.165  0
2.175  0
2.185  0
2.195  0
2.205  0
2.215  0
2.225  0
2.235  0
2.245  0
2.255  0
2.265  0
2.275  0
2.285  0
2.295  0
2.305  0
2.315  0
2.325  0
2.335  0
2.345  0
2.355  0
2.365  0
2.375  0
2.385  0
2.395  0
2.405  0
2.415  0
2.425  0
2.435  0
2.445  0
2.455  0
2.465  0
2.475  0
2.485  0
2.495  0
2.505  0
2.515  0
2.525  0
2.535  0
2.545  0
2.555  0
2.565  0
2.575  0
2.585  0
2.595  0
2.605  0
2.615  0
2.625  0
2.635  0
2.645  0
2.655  0
2.665  0
2.675  0
2.685  0
2.695  0
2.705  0
2.715  0
2.725  0
2.735  0
2.745  0
2.755  0
2.765  0
2.775  0
2.785  0
2.795  0
2.805  0
2.815  0
2.825  0
2.835  0
2.845  0
2.855  0
2.865  0
2.875  0
2.885  0
2.895  0
2.905  0
2.915  0
2.925  0
2.935  0
2.945  0
2.955  0
2.965  0
2.975  0
2.985  0
2.995  0
3.005  0
3.015  0
3.025  0
3.035  0
3.045  0
3.055  0
3.065  0
3.075  0
3.085  0
3.095  0
3.105  0
3.115  0
3.125  0
3.135  0
3.145  0
3.155  0
3.165  0
3.175  0
3.185  0
3.195  0
3.205  0
3.215  0
3.225  0
3.235  0
3.245  0
3.255  0
3.265  0
3.275  0
3.285  0
3.295  0
3.305  0
3.315  0
3.325  0
3.335  0
3.345  0
3.355  0
3.365  0
3.375  0
3.385  0
3.395  0
3.405  0
3.415  0
3.425  0
3.435  0
3.445  0
3.455  0
3.465  0
3.475  0
3.485  0
3.495  0
3.505  0
3.515  0
3.525  0
3.535  0
3.545  0
3.555  0
3.565  0
3.575  0
3.585  0
3.595  0
3.605  0
3.615  0
3.625  0
3.635  0
3.645  0
3.655  0
3.665  0
3.675  0
3.685  0
3.695  0
3.705  0
3.715  0
3.725  0
3.735  0
3.745  0
3.755  0
3.765  0
3.775  0
3.785  0
3.795  0
3.805  0
3.815  0
3.825  0
3.835  0
3.845  0
3.855  0
3.865  0
3.875  0
3.885  0
3.895  0
3.905  0
3.915  0
3.925  0
3.935  0
3.945  0
3.955  0
3.965  0
3.975  0
3.985  0
3.995  0
4.005  0
4.015  0
4.025  0
4.035  0
4.045  0
4.055  0
4.065  0
4.075  0
4.085  0
4.095  0
4.105  0
4.115  0
4.125  0
4.135  0
4.145  0
4.155  0
4.165  0
4.175  0
4.185  0
4.195  0
4.205  0
4.215  0
4.225  0
4.235  0
4.245  0
4.255  0
4.265  0
4.275  0
4.285  0
4.295  0
4.305  0
4.315  0
4.325  0
4.335  0
4.345  0
4.355  0
4.365  0
4.375  0
4.385  0
4.395  0
4.405  0
4.415  0
4.425  0
4.435  0
4.445  0
4.455  0
4.465  0
4.475  0
4.485  0
4.495  0
4.505  0
4.515  0
4.525  0
4.535  0
4.545  0
4.555  0
4.565  0
4.575  0
4.585  0
4.595  0
4.605  0
4.615  0
4.625  0
4.635  0
4.645  0
4.655  0
4.665  0
4.675  0
4.685  0
4.695  0
4.705  0
4.715  0
4.725  0
4.735  0
4.745  0
4.755  0
4.765  0
4.775  0
4.785  0
4.795  0
4.805  0
4.815  0
4.825  0
4.835  0
4.845  0
4.855  0
4.865  0
4.875  0
4.885  0
4.895  0
4.905  0
4.915  0
4.925  0
4.935  0
4.945  0
4.955  0
4.965  0
4.975  0
4.985  0
4.995  0
5.005  0
5.015  0
5.025  0
5.035  0
5.045  0
5.055  0
5.065  0
5.075  0
5.085  0
5.095  0
5.105  0
5.115  0
5.125  0
5.135  0
5.145  0
5.155  0
5.165  0
5.175  0
5.185  0
5.195  0
5.205  0
5.215  0
5.225  0
5.235  0
5.245  0
5.255  0
5.265  0
5.275  0
5.285  0
5.295  0
5.305  0
5.315  0
5.325  0
5.335  0
5.345  0
5.355  0
5.365  0
5.375  0
5.385  0
5.395  0
5.405  0
5.415  0
5.425  0
5.435  0
5.445  0
5.455  0
5.465  0
5.475  0
5.485  0
5.495  0
5.505  0
5.515  0
5.525  0
5.535  0
5.545  0
5.555  0
5.565  0
5.575  0
5.585  0
5.595  0
5.605  0
5.615  0
5.625  0
5.635  0
5.645  0
5.655  0
5.665  0
5.675  0
5.685  0
5.695  0
5.705  0
5.715  0
5.725  0
5.735  0
5.745  0
5.755  0
5.765  0
5.775  0
5.785  0
5.795  0
5.805  0
5.815  1
5.825  0
5.835  0
5.845  0
5.855  1
5.865  1
5.875  0
5.885  0
5.895  0
5.905  0
5.915  0
5.925  0
5.935  0
5.945  0
5.955  0
5.965  0
5.975  0
5.985  0
5.995  0
6.005  0
6.015  0
6.025  0
6.035  0
6.045  0
6.055  1
6.065  0
6.075  0
6.085  0
6.095  0
6.105  0
6.115  0
6.125  0
6.135  0
6.145  0
6.155  0
6.165  0
6.175  0
6.185  0
6.195  0
6.205  0
6.215  0
6.225  0
6.235  0
6.245  0
6.255  0
6.265  0
6.275  0
6.285  0
6.295  0
6.305  1
6.315  0
6.325  0
6.335  0
6.345  0
6.355  0
6.365  0
6.375  0
6.385  0
6.395  0
6.405  0
6.415  1
6.425  0
6.435  0
6.445  0
6.455  0
6.465  0
6.475  0
6.485  0
6.495  2
6.505  0
6.515  0
6.525  0
6.535  0
6.545  0
6.555  1
6.565  0
6.575  1
6.585  0
6.595  0
6.605  0
6.615  0
6.625  0
6.635  1
6.645  0
6.655  2
6.665  0
6.675  0
6.685  0
6.695  0
6.705  0
6.715  0
6.725  0
6.735  1
6.745  0
6.755  0
6.765  0
6.775  0
6.785  0
6.795  0
6.805  1
6.815  0
6.825  0
6.835  0
6.845  1
6.855  0
6.865  0
6.875  1
6.885  0
6.895  0
6.905  0
6.915  1
6.925  0
6.935  0
6.945  0
6.955  0
6.965  0
6.975  0
6.985  0
6.995  0
7.005  0
7.015  0
7.025  0
7.035  0
7.045  0
7.055  0
7.065  0
7.075  2
7.085  1
7.095  0
7.105  0
7.115  0
7.125  0
7.135  1
7.145  0
7.155  0
7.165  0
7.175  0
7.185  0
7.195  0
7.205  1
7.215  0
7.225  0
7.235  0
7.245  0
7.255  1
7.265  0
7.275  1
7.285  0
7.295  0
7.305  0
7.315  0
7.325  0
7.335  0
7.345  1
7.355  0
7.365  0
7.375  0
7.385  0
7.395  0
7.405  0
7.415  1
7.425  0
7.435  0
7.445  1
7.455  0
7.465  1
7.475  0
7.485  0
7.495  0
7.505  0
7.515  1
7.525  1
7.535  0
7.545  0
7.555  0
7.565  0
7.575  1
7.585  0
7.595  2
7.605  0
7.615  1
7.625  0
7.635  0
7.645  1
7.655  0
7.665  0
7.675  0
7.685  0
7.695  1
7.705  0
7.715  0
7.725  0
7.735  1
7.745  1
7.755  1
7.765  0
7.775  0
7.785  1
7.795  1
7.805  0
7.815  2
7.825  1
7.835  1
7.845  0
7.855  1
7.865  0
7.875  1
7.885  1
7.895  0
7.905  1
7.915  1
7.925  1
7.935  0
7.945  0
7.955  0
7.965  1
7.975  2
7.985  0
7.995  0
8.005  0
8.015  2
8.025  0
8.035  1
8.045  0
8.055  0
8.065  0
8.075  1
8.085  1
8.095  0
8.105  0
8.115  0
8.125  0
8.135  1
8.145  0
8.155  0
8.165  1
8.175  0
8.185  0
8.195  0
8.205  0
8.215  0
8.225  1
8.235  0
8.245  1
8.255  0
8.265  1
8.275  0
8.285  1
8.295  0
8.305  0
8.315  0
8.325  1
8.335  0
8.345  0
8.355  0
8.365  2
8.375  0
8.385  1
8.395  0
8.405  1
8.415  0
8.425  1
8.435  0
8.445  1
8.455  0
8.465  0
8.475  0
8.485  0
8.495  0
8.505  0
8.515  0
8.525  0
8.535  1
8.545  0
8.555  1
8.565  0
8.575  0
8.585  0
8.595  0
8.605  1
8.615  1
8.625  0
8.635  0
8.645  1
8.655  0
8.665  0
8.675  2
8.685  3
8.695  0
8.705  1
8.715  0
8.725  0
8.735  0
8.745  4
8.755  0
8.765  0
8.775  1
8.785  0
8.795  0
8.805  0
8.815  0
8.825  0
8.835  0
8.845  1
8.855  0
8.865  3
8.875  2
8.885  2
8.895  1
8.905  1
8.915  0
8.925  2
8.935  2
8.945  3
8.955  5
8.965  2
8.975  4
8.985  11
8.995  16
9.005  18
9.015  21
9.025  34
9.035  46
9.045  87
9.055  138
9.065  175
9.075  254
9.085  275
9.095  309
9.105  315
9.115  418
9.125  363
9.135  400
9.145  453
9.155  380
9.165  444
9.175  451
9.185  477
9.195  441
9.205  428
9.215  395
9.225  476
9.235  410
9.245  455
9.255  427
9.265  434
9.275  470
9.285  446
9.295  405
9.305  400
9.315  375
9.325  304
9.335  388
9.345  335
9.355  312
9.365  328
9.375  311
9.385  312
9.395  313
9.405  351
9.415  370
9.425  375
9.435  424
9.445  364
9.455  404
9.465  409
9.475  439
9.485  462
9.495  387
9.505  409
9.515  453
9.525  445
9.535  451
9.545  377
9.555  361
9.565  317
9.575  355
9.585  282
9.595  387
9.605  377
9.615  304
9.625  333
9.635  373
9.645  341
9.655  370
9.665  318
9.675  354
9.685  371
9.695  354
9.705  448
9.715  423
9.725  423
9.735  456
9.745  422
9.755  387
9.765  408
9.775  421
9.785  467
9.795  399
9.805  466
9.815  492
9.825  428
9.835  462
9.845  408
9.855  433
9.865  445
9.875  360
9.885  378
9.895  345
9.905  353
9.915  296
9.925  280
9.935  218
9.945  325
9.955  370
9.965  260
9.975  314
9.985  316
9.995  345
10.005  349
10.015  337
10.025  348
10.035  275
10.045  356
10.055  299
10.065  347
10.075  392
10.085  386
10.095  414
10.105  383
10.115  356
10.125  370
10.135  255
10.145  332
10.155  366
10.165  359
10.175  294
10.185  336
10.195  329
10.205  298
10.215  329
10.225  337
10.235  397
10.245  406
10.255  339
10.265  488
10.275  389
10.285  418
10.295  422
10.305  342
10.315  376
10.325  362
10.335  393
10.345  379
10.355  387
10.365  344
10.375  349
10.385  343
10.395  369
10.405  437
10.415  419
10.425  390
10.435  303
10.445  321
10.455  436
10.465  380
10.475  420
10.485  337
10.495  376
10.505  371
10.515  412
10.525  362
10.535  346
10.545  396
10.555  404
10.565  382
10.575  374
10.585  418
10.595  342
10.605  406
10.615  370
10.625  356
10.635  412
10.645  345
10.655  363
10.665  364
10.675  395
10.685  376
10.695  445
10.705  364
10.715  433
10.725  406
10.735  300
10.745  364
10.755  399
10.765  368
10.775  438
10.785  341
10.795  399
10.805  408
10.815  345
10.825  432
10.835  348
10.845  367
10.855  346
10.865  344
10.875  363
10.885  390
10.895  395
10.905  380
10.915  402
10.925  363
10.935  407
10.945  349
10.955  362
10.965  400
10.975  403
10.985  429
10.995  350
11.005  340
11.015  410
11.025  361
11.035  415
11.045  416
11.055  441
11.065  416
11.075  435
11.085  382
11.095  394
11.105  375
11.115  400
11.125  394
11.135  385
11.145  406
11.155  405
11.165  436
11.175  442
11.185  451
11.195  404
11.205  495
11.215  433
11.225  443
11.235  459
11.245  481
11.255  499
11.265  479
11.275  542
11.285  514
11.295  481
11.305  558
11.315  532
11.325  529
11.335  517
11.345  559
11.355  497
11.365  472
11.375  451
11.385  550
11.395  530
11.405  499
11.415  472
11.425  441
11.435  494
11.445  470
11.455  459
11.465  490
11.475  471
11.485  467
11.495  412
11.505  455
11.515  445
11.525  464
11.535  490
11.545  501
11.555  442
11.565  577
11.575  484
11.585  535
11.595  463
11.605  480
11.615  444
11.625  434
11.635  474
11.645  420
11.655  466
11.665  439
11.675  476
11.685  399
11.695  479
11.705  551
11.715  468
11.725  472
11.735  442
11.745  551
11.755  566
11.765  451
11.775  507
11.785  484
11.795  515
11.805  497
11.815  472
11.825  427
11.835  484
11.845  452
11.855  465
11.865  480
11.875  488
11.885  473
11.895  435
11.905  443
11.915  437
11.925  481
11.935  429
11.945  434
11.955  502
11.965  479
11.975  509
11.985  508
11.995  452
12.005  538
12.015  567
12.025  515
12.035  502
12.045  501
12.055  641
12.065  587
12.075  646
12.085  638
12.095  609
12.105  571
12.115  528
12.125  495
12.135  543
12.145  529
12.155  491
12.165  552
12.175  497
12.185  533
12.195  581
12.205  498
12.215  535
12.225  551
12.235  575
12.245  515
12.255  529
12.265  470
12.275  536
12.285  609
12.295  517
12.305  535
12.315  486
12.325  504
12.335  582
12.345  592
12.355  593
12.365  518
12.375  525
12.385  603
12.395  574
12.405  541
12.415  499
12.425  502
12.435  543
12.445  567
12.455  605
12.465  585
12.475  580
12.485  625
12.495  632
12.505  540
12.515  593
12.525  628
12.535  614
12.545  618
12.555  619
12.565  623
12.575  624
12.585  632
12.595  669
12.605  592
12.615  622
12.625  650
12.635  588
12.645  588
12.655  611
12.665  641
12.675  564
12.685  601
12.695  681
12.705  637
12.715  686
12.725  715
12.735  627
12.745  669
12.755  651
12.765  639
12.775  620
12.785  657
12.795  630
12.805  692
12.815  621
12.825  720
12.835  619
12.845  669
12.855  648
12.865  625
12.875  591
12.885  672
12.895  662
12.905  591
12.915  699
12.925  704
12.935  682
12.945  722
12.955  646
12.965  661
12.975  611
12.985  662
12.995  698
13.005  662
13.015  649
13.025  625
13.035  684
13.045  659
13.055  668
13.065  729
13.075  645
13.085  716
13.095  775
13.105  716
13.115  741
13.125  696
13.135  717
13.145  775
13.155  784
13.165  786
13.175  711
13.185  723
13.195  752
13.205  711
13.215  765
13.225  726
13.235  767
13.245  690
13.255  802
13.265  799
13.275  718
13.285  709
13.295  722
13.305  703
13.315  785
13.325  750
13.335  757
13.345  858
13.355  765
13.365  894
13.375  864
13.385  759
13.395  835
13.405  820
13.415  810
13.425  850
13.435  811
13.445  752
13.455  757
13.465  810
13.475  764
13.485  764
13.495  891
13.505  802
13.515  825
13.525  753
13.535  841
13.545  910
13.555  768
13.565  782
13.575  841
13.585  809
13.595  848
13.605  894
13.615  867
13.625  858
13.635  866
13.645  867
13.655  881
13.665  928
13.675  903
13.685  970
13.695  930
13.705  840
13.715  895
13.725  836
13.735  927
13.745  952
13.755  951
13.765  939
13.775  989
13.785  926
13.795  954
13.805  926
13.815  837
13.825  875
13.835  951
13.845  932
13.855  826
13.865  935
13.875  884
13.885  872
13.895  927
13.905  957
13.915  1038
13.925  959
13.935  859
13.945  954
13.955  931
13.965  940
13.975  916
13.985  926
13.995  908
14.005  911
14.015  875
14.025  895
14.035  867
14.045  935
14.055  897
14.065  887
14.075  925
14.085  889
14.095  932
14.105  946
14.115  915
14.125  972
14.135  1004
14.145  979
14.155  946
14.165  922
14.175  992
14.185  984
14.195  1033
14.205  1076
14.215  1060
14.225  997
14.235  1071
14.245  976
14.255  1030
14.265  1060
14.275  1046
14.285  1018
14.295  979
14.305  953
14.315  986
14.325  991
14.335  1012
14.345  1036
14.355  961
14.365  1014
14.375  1036
14.385  986
14.395  1089
14.405  1036
14.415  1037
14.425  1036
14.435  1077
14.445  979
14.455  1054
14.465  1051
14.475  1038
14.485  1067
14.495  1076
14.505  1091
14.515  1005
14.525  1024
14.535  992
14.545  1050
14.555  1030
14.565  986
14.575  1065
14.585  1044
14.595  1080
14.605  1142
14.615  1097
14.625  1065
14.635  1033
14.645  1055
14.655  1056
14.665  983
14.675  1024
14.685  998
14.695  1067
14.705  1005
14.715  988
14.725  1010
14.735  1036
14.745  1034
14.755  1104
14.765  1010
14.775  1004
14.785  1075
14.795  1099
14.805  1036
14.815  1147
14.825  1066
14.835  1048
14.845  1125
14.855  1038
14.865  1086
14.875  1059
14.885  1098
14.895  1126
14.905  1128
14.915  1103
14.925  1121
14.935  1040
14.945  1194
14.955  1087
14.965  1177
14.975  1146
14.985  1152
14.995  1172
15.005  1133
15.015  1109
15.025  1091
15.035  1167
15.045  1152
15.055  1163
15.065  1147
15.075  1175
15.085  1104
15.095  1173
15.105  1134
15.115  1135
15.125  1219
15.135  1121
15.145  1127
15.155  1156
15.165  1152
15.175  1204
15.185  1074
15.195  1193
15.205  1160
15.215  1184
15.225  1121
15.235  1086
15.245  1195
15.255  1180
15.265  1205
15.275  1154
15.285  1179
15.295  1223
15.305  1230
15.315  1235
15.325  1242
15.335  1121
15.345  1187
15.355  1238
15.365  1201
15.375  1151
15.385  1222
15.395  1181
15.405  1196
15.415  1164
15.425  1208
15.435  1225
15.445  1228
15.455  1155
15.465  1209
15.475  1170
15.485  1224
15.495  1188
15.505  1190
15.515  1188
15.525  1198
15.535  1205
15.545  1197
15.555  1146
15.565  1158
15.575  1200
15.585  1239
15.595  1126
15.605  1126
15.615  1209
15.625  1262
15.635  1246
15.645  1267
15.655  1153
15.665  1247
15.675  1230
15.685  1218
15.695  1190
15.705  1080
15.715  1166
15.725  1212
15.735  1174
15.745  1255
15.755  1236
15.765  1092
15.775  1198
15.785  1223
15.795  1183
15.805  1261
15.815  1312
15.825  1237
15.835  1274
15.845  1224
15.855  1254
15.865  1260
15.875  1259
15.885  1224
15.895  1260
15.905  1212
15.915  1298
15.925  1195
15.935  1179
15.945  1237
15.955  1287
15.965  1268
15.975  1294
15.985  1316
15.995  1246
16.005  1224
16.015  1253
16.025  1285
16.035  1321
16.045  1296
16.055  1302
16.065  1340
16.075  1315
16.085  1291
16.095  1256
16.105  1306
16.115  1364
16.125  1285
16.135  1283
16.145  1322
16.155  1277
16.165  1275
16.175  1287
16.185  1312
16.195  1319
16.205  1252
16.215  1350
16.225  1294
16.235  1267
16.245  1252
16.255  1333
16.265  1372
16.275  1325
16.285  1279
16.295  1363
16.305  1384
16.315  1335
16.325  1358
16.335  1255
16.345  1282
16.355  1298
16.365  1290
16.375  1326
16.385  1231
16.395  1285
16.405  1335
16.415  1326
16.425  1248
16.435  1286
16.445  1231
16.455  1324
16.465  1226
16.475  1359
16.485  1296
16.495  1267
16.505  1297
16.515  1306
16.525  1301
16.535  1264
16.545  1268
16.555  1308
16.565  1274
16.575  1275
16.585  1228
16.595  1187
16.605  1280
16.615  1298
16.625  1264
16.635  1256
16.645  1251
16.655  1240
16.665  1174
16.675  1199
16.685  1231
16.695  1289
16.705  1268
16.715  1242
16.725  1218
16.735  1265
16.745  1266
16.755  1241
16.765  1177
16.775  1275
16.785  1293
16.795  1260
16.805  1224
16.815  1191
16.825  1272
16.835  1229
16.845  1229
16.855  1222
16.865  1192
16.875  1242
16.885  1229
16.895  1189
16.905  1239
16.915  1149
16.925  1175
16.935  1187
16.945  1222
16.955  1193
16.965  1141
16.975  1161
16.985  1236
16.995  1125
17.005  1192
17.015  1165
17.025  1163
17.035  1159
17.045  1156
17.055  1100
17.065  1176
17.075  1197
17.085  1137
17.095  1126
17.105  1097
17.115  1112
17.125  1096
17.135  1077
17.145  1135
17.155  1142
17.165  1199
17.175  1194
17.185  1121
17.195  1203
17.205  1117
17.215  1088
17.225  1121
17.235  1119
17.245  1159
17.255  1157
17.265  1099
17.275  1159
17.285  1195
17.295  1171
17.305  1158
17.315  1220
17.325  1173
17.335  1077
17.345  1128
17.355  1148
17.365  1177
17.375  1129
17.385  1088
17.395  1167
17.405  1155
17.415  1110
17.425  1083
17.435  1106
17.445  1145
17.455  1106
17.465  1121
17.475  1082
17.485  1142
17.495  1081
17.505  1153
17.515  1034
17.525  1111
17.535  1118
17.545  1164
17.555  1072
17.565  1170
17.575  1142
17.585  1044
17.595  1014
17.605  1120
17.615  1069
17.625  1080
17.635  1015
17.645  1058
17.655  1037
17.665  997
17.675  1010
17.685  978
17.695  951
17.705  1063
17.715  984
17.725  1006
17.735  1036
17.745  1038
17.755  1023
17.765  985
17.775  954
17.785  946
17.795  1017
17.805  987
17.815  926
17.825  992
17.835  992
17.845  958
17.855  1001
17.865  966
17.875  969
17.885  945
17.895  925
17.905  1002
17.915  992
17.925  980
17.935  974
17.945  933
17.955  979
17.965  915
17.975  951
17.985  926
17.995  921
18.005  974
18.015  979
18.025  974
18.035  857
18.045  954
18.055  859
18.065  931
18.075  930
18.085  859
18.095  919
18.105  859
18.115  926
18.125  970
18.135  939
18.145  942
18.155  869
18.165  933
18.175  880
18.185  955
18.195  850
18.205  881
18.215  873
18.225  902
18.235  847
18.245  870
18.255  881
18.265  857
18.275  909
18.285  903
18.295  911
18.305  854
18.315  837
18.325  840
18.335  902
18.345  865
18.355  854
18.365  841
18.375  911
18.385  878
18.395  863
18.405  838
18.415  871
18.425  837
18.435  796
18.445  911
18.455  873
18.465  828
18.475  804
18.485  879
18.495  864
18.505  874
18.515  940
18.525  839
18.535  854
18.545  800
18.555  802
18.565  822
18.575  826
18.585  857
18.595  875
18.605  858
18.615  908
18.625  894
18.635  782
18.645  835
18.655  815
18.665  856
18.675  786
18.685  798
18.695  873
18.705  823
18.715  803
18.725  924
18.735  790
18.745  836
18.755  773
18.765  801
18.775  896
18.785  832
18.795  882
18.805  878
18.815  853
18.825  802
18.835  781
18.845  805
18.855  777
18.865  780
18.875  736
18.885  742
18.895  776
18.905  757
18.915  775
18.925  747
18.935  762
18.945  793
18.955  777
18.965  811
18.975  778
18.985  776
18.995  743
19.005  762
19.015  790
19.025  752
19.035  758
19.045  731
19.055  749
19.065  760
19.075  753
19.085  735
19.095  715
19.105  675
19.115  732
19.125  655
19.135  736
19.145  731
19.155  744
19.165  727
19.175  664
19.185  714
19.195  705
19.205  772
19.215  751
19.225  736
19.235  690
19.245  720
19.255  730
19.265  697
19.275  698
19.285  647
19.295  695
19.305  721
19.315  747
19.325  670
19.335  740
19.345  695
19.355  684
19.365  698
19.375  707
19.385  718
19.395  747
19.405  713
19.415  720
19.425  699
19.435  722
19.445  649
19.455  701
19.465  661
19.475  667
19.485  650
19.495  690
19.505  652
19.515  645
19.525  725
19.535  683
19.545  700
19.555  683
19.565  693
19.575  661
19.585  654
19.595  744
19.605  709
19.615  670
19.625  722
19.635  714
19.645  677
19.655  679
19.665  677
19.675  663
19.685  637
19.695  715
19.705  738
19.715  677
19.725  690
19.735  708
19.745  697
19.755  705
19.765  635
19.775  683
19.785  675
19.795  662
19.805  648
19.815  687
19.825  684
19.835  703
19.845  662
19.855  678
19.865  671
19.875  723
19.885  664
19.895  635
19.905  699
19.915  670
19.925  690
19.935  670
19.945  662
19.955  664
19.965  700
19.975  592
19.985  612
19.995  617
20.005  636
20.015  653
20.025  684
20.035  633
20.045  592
20.055  616
20.065  628
20.075  649
20.085  621
20.095  631
20.105  639
20.115  620
20.125  644
20.135  656
20.145  646
20.155  623
20.165  646
20.175  668
20.185  637
20.195  611
20.205  671
20.215  608
20.225  595
20.235  675
20.245  610
20.255  615
20.265  642
20.275  627
20.285  658
20.295  620
20.305  610
20.315  605
20.325  589
20.335  588
20.345  621
20.355  582
20.365  630
20.375  612
20.385  611
20.395  660
20.405  643
20.415  655
20.425  636
20.435  571
20.445  664
20.455  661
20.465  625
20.475  578
20.485  608
20.495  651
20.505  630
20.515  682
20.525  632
20.535  622
20.545  692
20.555  637
20.565  629
20.575  620
20.585  582
20.595  653
20.605  624
20.615  614
20.625  628
20.635  635
20.645  553
20.655  654
20.665  528
20.675  638
20.685  664
20.695  566
20.705  607
20.715  588
20.725  609
20.735  615
20.745  602
20.755  619
20.765  657
20.775  518
20.785  611
20.795  588
20.805  585
20.815  562
20.825  536
20.835  563
20.845  595
20.855  576
20.865  597
20.875  638
20.885  578
20.895  653
20.905  627
20.915  615
20.925  570
20.935  578
20.945  598
20.955  556
20.965  568
20.975  560
20.985  610
20.995  607
21.005  594
21.015  666
21.025  684
21.035  624
21.045  547
21.055  608
21.065  634
21.075  567
21.085  592
21.095  556
21.105  543
21.115  573
21.125  592
21.135  598
21.145  597
21.155  600
21.165  534
21.175  595
21.185  579
21.195  542
21.205  564
21.215  618
21.225  602
21.235  556
21.245  581
21.255  563
21.265  568
21.275  646
21.285  623
21.295  615
21.305  652
21.315  603
21.325  513
21.335  566
21.345  629
21.355  608
21.365  557
21.375  576
21.385  551
21.395  586
21.405  588
21.415  599
21.425  605
21.435  571
21.445  615
21.455  581
21.465  610
21.475  509
21.485  628
21.495  621
21.505  623
21.515  560
21.525  593
21.535  594
21.545  576
21.555  575
21.565  596
21.575  601
21.585  593
21.595  581
21.605  584
21.615  584
21.625  577
21.635  554
21.645  593
21.655  649
21.665  648
21.675  632
21.685  626
21.695  595
21.705  587
21.715  502
21.725  533
21.735  578
21.745  511
21.755  615
21.765  590
21.775  549
21.785  604
21.795  558
21.805  573
21.815  559
21.825  560
21.835  571
21.845  653
21.855  538
21.865  556
21.875  544
21.885  579
21.895  587
21.905  573
21.915  598
21.925  599
21.935  588
21.945  586
21.955  556
21.965  589
21.975  621
21.985  604
21.995  575
22.005  586
22.015  576
22.025  560
22.035  613
22.045  567
22.055  609
22.065  578
22.075  580
22.085  631
22.095  623
22.105  608
22.115  595
22.125  624
22.135  541
22.145  565
22.155  546
22.165  602
22.175  539
22.185  558
22.195  557
22.205  585
22.215  544
22.225  602
22.235  526
22.245  593
22.255  558
22.265  608
22.275  588
22.285  570
22.295  534
22.305  637
22.315  584
22.325  546
22.335  644
22.345  551
22.355  620
22.365  557
22.375  538
22.385  613
22.395  558
22.405  566
22.415  537
22.425  536
22.435  585
22.445  580
22.455  564
22.465  542
22.475  495
22.485  570
22.495  544
22.505  502
22.515  488
22.525  556
22.535  576
22.545  557
22.555  567
22.565  520
22.575  550
22.585  552
22.595  615
22.605  521
22.615  548
22.625  597
22.635  538
22.645  540
22.655  523
22.665  540
22.675  577
22.685  553
22.695  525
22.705  536
22.715  544
22.725  657
22.735  549
22.745  540
22.755  542
22.765  568
22.775  515
22.785  564
22.795  558
22.805  501
22.815  510
22.825  572
22.835  613
22.845  542
22.855  546
22.865  582
22.875  592
22.885  560
22.895  584
22.905  595
22.915  553
22.925  595
22.935  564
22.945  556
22.955  490
22.965  613
22.975  518
22.985  583
22.995  518
23.005  561
23.015  560
23.025  590
23.035  574
23.045  532
23.055  528
23.065  573
23.075  604
23.085  536
23.095  566
23.105  614
23.115  586
23.125  621
23.135  560
23.145  595
23.155  541
23.165  547
23.175  559
23.185  485
23.195  526
23.205  546
23.215  560
23.225  528
23.235  539
23.245  578
23.255  615
23.265  522
23.275  590
23.285  537
23.295  582
23.305  522
23.315  550
23.325  532
23.335  556
23.345  565
23.355  532
23.365  580
23.375  528
23.385  557
23.395  556
23.405  567
23.415  562
23.425  551
23.435  560
23.445  522
23.455  515
23.465  539
23.475  541
23.485  539
23.495  564
23.505  551
23.515  549
23.525  567
23.535  541
23.545  576
23.555  581
23.565  573
23.575  523
23.585  551
23.595  535
23.605  557
23.615  583
23.625  584
23.635  560
23.645  557
23.655  554
23.665  566
23.675  545
23.685  528
23.695  608
23.705  566
23.715  544
23.725  585
23.735  554
23.745  616
23.755  595
23.765  553
23.775  604
23.785  569
23.795  562
23.805  543
23.815  561
23.825  545
23.835  533
23.845  526
23.855  584
23.865  534
23.875  559
23.885  568
23.895  533
23.905  537
23.915  503
23.925  545
23.935  554
23.945  591
23.955  538
23.965  569
23.975  533
23.985  537
23.995  527
24.005  600
24.015  571
24.025  557
24.035  562
24.045  580
24.055  533
24.065  592
24.075  568
24.085  556
24.095  582
24.105  494
24.115  562
24.125  584
24.135  534
24.145  549
24.155  554
24.165  614
24.175  592
24.185  566
24.195  566
24.205  520
24.215  596
24.225  609
24.235  551
24.245  513
24.255  509
24.265  539
24.275  611
24.285  553
24.295  525
24.305  619
24.315  509
24.325  604
24.335  562
24.345  538
24.355  553
24.365  559
24.375  546
24.385  522
24.395  563
24.405  565
24.415  530
24.425  575
24.435  516
24.445  596
24.455  541
24.465  576
24.475  559
24.485  539
24.495  542
24.505  562
24.515  534
24.525  513
24.535  548
24.545  514
24.555  550
24.565  544
24.575  527
24.585  523
24.595  564
24.605  540
24.615  533
24.625  506
24.635  493
24.645  465
24.655  564
24.665  592
24.675  560
24.685  619
24.695  548
24.705  550
24.715  557
24.725  547
24.735  545
24.745  482
24.755  443
24.765  535
24.775  557
24.785  537
24.795  533
24.805  547
24.815  558
24.825  567
24.835  509
24.845  519
24.855  524
24.865  539
24.875  499
24.885  462
24.895  525
24.905  478
24.915  561
24.925  508
24.935  553
24.945  520
24.955  553
24.965  559
24.975  538
24.985  532
24.995  511
25.005  548
25.015  540
25.025  523
25.035  543
25.045  543
25.055  562
25.065  537
25.075  561
25.085  541
25.095  540
25.105  605
25.115  551
25.125  537
25.135  524
25.145  564
25.155  542
25.165  525
25.175  520
25.185  540
25.195  532
25.205  554
25.215  620
25.225  557
25.235  563
25.245  501
25.255  558
25.265  511
25.275  539
25.285  518
25.295  511
25.305  602
25.315  617
25.325  525
25.335  537
25.345  489
25.355  554
25.365  465
25.375  533
25.385  549
25.395  513
25.405  559
25.415  529
25.425  533
25.435  526
25.445  541
25.455  575
25.465  572
25.475  558
25.485  500
25.495  562
25.505  551
25.515  552
25.525  544
25.535  519
25.545  467
25.555  553
25.565  520
25.575  516
25.585  528
25.595  546
25.605  543
25.615  537
25.625  532
25.635  565
25.645  512
25.655  521
25.665  535
25.675  515
25.685  522
25.695  492
25.705  518
25.715  519
25.725  535
25.735  520
25.745  532
25.755  508
25.765  497
25.775  508
25.785  509
25.795  514
25.805  505
25.815  471
25.825  507
25.835  504
25.845  507
25.855  513
25.865  495
25.875  461
25.885  453
25.895  423
25.905  477
25.915  450
25.925  440
25.935  415
25.945  442
25.955  378
25.965  415
25.975  441
25.985  392
25.995  404
26.005  377
26.015  367
26.025  352
26.035  360
26.045  330
26.055  357
26.065  353
26.075  316
26.085  306
26.095  308
26.105  293
26.115  272
26.125  284
26.135  241
26.145  207
26.155  242
26.165  248
26.175  221
26.185  201
26.195  179
26.205  179
26.215  176
26.225  197
26.235  135
26.245  141
26.255  109
26.265  87
26.275  97
26.285  86
26.295  64
26.305  55
26.315  48
26.325  16
26.335  15
26.345  15
26.355  15
26.365  6
26.375  11
26.385  1
26.395  4
26.405  3
26.415  1
26.425  6
26.435  0
26.445  1
26.455  0
26.465  0
26.475  2
26.485  0
26.495  1
26.505  0
26.515  1
26.525  1
26.535  1
26.545  0
26.555  0
26.565  1
26.575  0
26.585  0
26.595  0
26.605  0
26.615  0
26.625  0
26.635  0
26.645  0
26.655  0
26.665  0
26.675  0
26.685  0
26.695  0
26.705  0
26.715  0
26.725  0
26.735  0
26.745  0
26.755  0
26.765  0
26.775  0
26.785  0
26.795  0
26.805  0
26.815  0
26.825  0
26.835  0
26.845  0
26.855  0
26.865  0
26.875  0
26.885  0
26.895  0
26.905  0
26.915  0
26.925  0
26.935  0
26.945  0
26.955  0
26.965  0
26.975  0
26.985  0
26.995  0
27.005  0
27.015  0
27.025  0
27.035  0
27.045  0
27.055  0
27.065  0
27.075  0
27.085  0
27.095  0
27.105  0
27.115  0
27.125  0
27.135  0
27.145  0
27.155  0
27.165  0
27.175  0
27.185  0
27.195  0
27.205  0
27.215  0
27.225  0
27.235  0
27.245  0
27.255  0
27.265  0
27.275  0
27.285  0
27.295  0
27.305  0
27.315  0
27.325  0
27.335  0
27.345  0
27.355  0
27.365  0
27.375  0
27.385  0
27.395  0
27.405  0
27.415  0
27.425  0
27.435  0
27.445  0
27.455  0
27.465  0
27.475  0
27.485  0
27.495  0
27.505  0
27.515  0
27.525  0
27.535  0
27.545  0
27.555  0
27.565  0
27.575  0
27.585  0
27.595  0
27.605  0
27.615  0
27.625  0
27.635  0
27.645  0
27.655  0
27.665  0
27.675  0
27.685  0
27.695  0
27.705  0
27.715  0
27.725  0
27.735  0
27.745  0
27.755  0
27.765  0
27.775  0
27.785  0
27.795  0
27.805  0
27.815  0
27.825  0
27.835  0
27.845  0
27.855  0
27.865  0
27.875  0
27.885  0
27.895  0
27.905  0
27.915  0
27.925  0
27.935  0
27.945  0
27.955  0
27.965  0
27.975  0
27.985  0
27.995  0
28.005  0
28.015  0
28.025  0
28.035  0
28.045  0
28.055  0
28.065  0
28.075  0
28.085  0
28.095  0
28.105  0
28.115  0
28.125  0
28.135  0
28.145  0
28.155  0
28.165  0
28.175  0
28.185  0
28.195  0
28.205  0
28.215  0
28.225  0
28.235  0
28.245  0
28.255  0
28.265  0
28.275  0
28.285  0
28.295  0
28.305  0
28.315  0
28.325  0
28.335  0
28.345  0
28.355  0
28.365  0
28.375  0
28.385  0
28.395  0
28.405  0
28.415  0
28.425  0
28.435  0
28.445  0
28.455  0
28.465  0
28.475  0
28.485  0
28.495  0
28.505  0
28.515  0
28.525  0
28.535  0
28.545  0
28.555  0
28.565  0
28.575  0
28.585  0
28.595  0
28.605  0
28.615  0
28.625  0
28.635  0
28.645  0
28.655  0
28.665  0
28.675  0
28.685  0
28.695  0
28.705  0
28.715  0
28.725  0
28.735  0
28.745  0
28.755  0
28.765  0
28.775  0
28.785  0
28.795  0
28.805  0
28.815  0
28.825  0
28.835  0
28.845  0
28.855  0
28.865  0
28.875  0
28.885  0
28.895  0
28.905  0
28.915  0
28.925  0
28.935  0
28.945  0
28.955  0
28.965  0
28.975  0
28.985  0
28.995  0
29.005  0
29.015  0
29.025  0
29.035  0
29.045  0
29.055  0
29.065  0
29.075  0
29.085  0
29.095  0
29.105  0
29.115  0
29.125  0
29.135  0
29.145  0
29.155  0
29.165  0
29.175  0
29.185  0
29.195  0
29.205  0
29.215  0
29.225  0
29.235  0
29.245  0
29.255  0
29.265  0
29.275  0
29.285  0
29.295  0
29.305  0
29.315  0
29.325  0
29.335  0
29.345  0
29.355  0
29.365  0
29.375  0
29.385  0
29.395  0
29.405  0
29.415  0
29.425  0
29.435  0
29.445  0
29.455  0
29.465  0
29.475  0
29.485  0
29.495  0
29.505  0
29.515  0
29.525  0
29.535  0
29.545  0
29.555  0
29.565  0
29.575  0
29.585  0
29.595  0
29.605  0
29.615  0
29.625  0
29.635  0
29.645  0
29.655  0
29.665  0
29.675  0
29.685  0
29.695  0
29.705  0
29.715  0
29.725  0
29.735  0
29.745  0
29.755  0
29.765  0
29.775  0
29.785  0
29.795  0
29.805  0
29.815  0
29.825  0
29.835  0
29.845  0
29.855  0
29.865  0
29.875  0
29.885  1
29.895  0
29.905  0
29.915  0
29.925  0
29.935  0
29.945  0
29.955  0
29.965  0
29.975  0
29.985  0
