-0.005  0
0.005  1.25727
0.015  0
0.025  0
0.035  0
0.045  0
0.055  0
0.065  0
0.075  0
0.085  0
0.095  0
0.105  0
0.115  0
0.125  0
0.135  0
0.145  0
0.155  0
0.165  0
0.175  0
0.185  0
0.195  0
0.205  0
0.215  0
0.225  0
0.235  0
0.245  0
0.255  0
0.265  0
0.275  0
0.285  0
0.295  0
0.305  0
0.315  0
0.325  0
0.335  0
0.345  0
0.355  0
0.365  0
0.375  0
0.385  0
0.395  0
0.405  0
0.415  0
0.425  0
0.435  0
0.445  0
0.455  0
0.465  0
0.475  0
0.485  0
0.495  0
0.505  0
0.515  0
0.525  0
0.535  0
0.545  0
0.555  0
0.565  0
0.575  0
0.585  0
0.595  0
0.605  0
0.615  0
0.625  0
0.635  0
0.645  0
0.655  0
0.665  0
0.675  0
0.685  0
0.695  0
0.705  0
0.715  0
0.725  0
0.735  0
0.745  0
0.755  0
0.765  0
0.775  0
0.785  0
0.795  0
0.805  0
0.815  0
0.825  0
0.835  0
0.845  0
0.855  0
0.865  0
0.875  0
0.885  0
0.895  0
0.905  0
0.915  0
0.925  0
0.935  0
0.945  0
0.955  0
0.965  0
0.975  0
0.985  0
0.995  0
1.005  0
1.015  0
1.025  0
1.035  0
1.045  0
1.055  0
1.065  0
1.075  0
1.085  0
1.095  0
1.105  0
1.115  0
1.125  0
1.135  0
1.145  0
1.155  0
1.165  0
1.175  0
1.185  0
1.195  0
1.205  0
1.215  0
1.225  0
1.235  0
1.245  0
1.255  0
1.265  0
1.275  0
1.285  0
1.295  0
1.305  0
1.315  0
1.325  0
1.335  0
1.345  0
1.355  0
1.365  0
1.375  0
1.385  0
1.395  0
1.405  0
1.415  0
1.425  0
1.435  0
1.445  0
1.455  0
1.465  0
1.475  0
1.485  0
1.495  0
1.505  0
1.515  0
1.525  0
1.535  0
1.545  0
1.555  0
1.565  0
1.575  0
1.585  0
1.595  0
1.605  0
1.615  0
1.625  0
1.635  0
1.645  0
1.655  0
1.665  0
1.675  0
1.685  0
1.695  0
1.705  0
1.715  0
1.725  0
1.735  0
1.745  0
1.755  0
1.765  0
1.775  0
1.785  0
1.795  0
1.805  0
1.815  0
1.825  0
1.835  0
1.845  0
1.855  0
1.865  0
1.875  0
1.885  0
1.895  0
1.905  0
1.915  0
1.925  0
1.935  0
1.945  0
1.955  0
1.965  0
1.975  0
1.985  0
1.995  0
2.005  0
2.015  0
2.025  0
2.035  0
2.045  0
2.055  0
2.065  0
2.075  0
2.085  0
2.095  0
2.105  0
2.115  0
2.125  0
2.135  0
2.145  0
2.155  0
2.165  0
2.175  0
2.185  0
2.195  0
2.205  0
2.215  0
2.225  0
2.235  0
2.245  0
2.255  0
2.265  0
2.275  0
2.285  0
2.295  0
2.305  0
2.315  0
2.325  0
2.335  0
2.345  0
2.355  0
2.365  0
2.375  0
2.385  0
2.395  0
2.405  0
2.415  0
2.425  0
2.435  0
2.445  0
2.455  0
2.465  0
2.475  0
2.485  0
2.495  0
2.505  0
2.515  0
2.525  0
2.535  0
2.545  0
2.555  0
2.565  0
2.575  0
2.585  0
2.595  0
2.605  0
2.615  0
2.625  0
2.635  0
2.645  0
2.655  0
2.665  0
2.675  0
2.685  0
2.695  0
2.705  0
2.715  0
2.725  0
2.735  0
2.745  0
2.755  0
2.765  0
2.775  0
2.785  0
2.795  0
2.805  0
2.815  0
2.825  0
2.835  0
2.845  0
2.855  0
2.865  0
2.875  0
2.885  0
2.895  0
2.905  0
2.915  0
2.925  0
2.935  0
2.945  0
2.955  0
2.965  0
2.975  0
2.985  0
2.995  0
3.005  0
3.015  0
3.025  0
3.035  0
3.045  0
3.055  0
3.065  0
3.075  0
3.085  0
3.095  0
3.105  0
3.115  0
3.125  0
3.135  0
3.145  0
3.155  0
3.165  0
3.175  0
3.185  0
3.195  0
3.205  0
3.215  0
3.225  0
3.235  0
3.245  0
3.255  0
3.265  0
3.275  0
3.285  0
3.295  0
3.305  0
3.315  0
3.325  0
3.335  0
3.345  0
3.355  0
3.365  0
3.375  0
3.385  0
3.395  0
3.405  0
3.415  0
3.425  0
3.435  0
3.445  0
3.455  0
3.465  0
3.475  0
3.485  0
3.495  0
3.505  0
3.515  0
3.525  0
3.535  0
3.545  0
3.555  0
3.565  0
3.575  0
3.585  0
3.595  0
3.605  0
3.615  0
3.625  0
3.635  0
3.645  0
3.655  0
3.665  0
3.675  0
3.685  0
3.695  0
3.705  0
3.715  0
3.725  0
3.735  0
3.745  0
3.755  0
3.765  0
3.775  0
3.785  0
3.795  0
3.805  0
3.815  0
3.825  0
3.835  0
3.845  0
3.855  0
3.865  0
3.875  0
3.885  0
3.895  0
3.905  0
3.915  0
3.925  0
3.935  0
3.945  0
3.955  0
3.965  0
3.975  0
3.985  0
3.995  0
4.005  0
4.015  0
4.025  0
4.035  0
4.045  0
4.055  0
4.065  0
4.075  0
4.085  0
4.095  0
4.105  0
4.115  0
4.125  0
4.135  0
4.145  0
4.155  0
4.165  0
4.175  0
4.185  0
4.195  0
4.205  0
4.215  0
4.225  0
4.235  0
4.245  0
4.255  0
4.265  0
4.275  0
4.285  0
4.295  0
4.305  0
4.315  0
4.325  0
4.335  0
4.345  0
4.355  0
4.365  0
4.375  0
4.385  0
4.395  0
4.405  0
4.415  0
4.425  0
4.435  0
4.445  0
4.455  0
4.465  0
4.475  0
4.485  0
4.495  0
4.505  0
4.515  0
4.525  0
4.535  0
4.545  0
4.555  0
4.565  0
4.575  0
4.585  0
4.595  0
4.605  0
4.615  0
4.625  0
4.635  0
4.645  0
4.655  0
4.665  0
4.675  0
4.685  0
4.695  0
4.705  0
4.715  0
4.725  0
4.735  0
4.745  0
4.755  0
4.765  0
4.775  0
4.785  0
4.795  0
4.805  0
4.815  0
4.825  0
4.835  0
4.845  0
4.855  0
4.865  0
4.875  0
4.885  0
4.895  0
4.905  0
4.915  0
4.925  0
4.935  0
4.945  0
4.955  0
4.965  0
4.975  0
4.985  0
4.995  0
5.005  0
5.015  0
5.025  0
5.035  0
5.045  0
5.055  0
5.065  0
5.075  0
5.085  0
5.095  0
5.105  0
5.115  0
5.125  0
5.135  0
5.145  0
5.155  0
5.165  0
5.175  0
5.185  0
5.195  0
5.205  0
5.215  0
5.225  0
5.235  0
5.245  0
5.255  0
5.265  0
5.275  0
5.285  0
5.295  0
5.305  0
5.315  0
5.325  0
5.335  0
5.345  0
5.355  0
5.365  0
5.375  0
5.385  0
5.395  0
5.405  0
5.415  0
5.425  0
5.435  0
5.445  0
5.455  0
5.465  0
5.475  0
5.485  0
5.495  0
5.505  0
5.515  0
5.525  0
5.535  0
5.545  0
5.555  0
5.565  0
5.575  0
5.585  0
5.595  0
5.605  0
5.615  0
5.625  0
5.635  0
5.645  0
5.655  0
5.665  0
5.675  0
5.685  0
5.695  0
5.705  0
5.715  0
5.725  0
5.735  0
5.745  0
5.755  0
5.765  0
5.775  -0.021677
5.785  0
5.795  0
5.805  0
5.815  0.021677
5.825  0
5.835  0
5.845  0
5.855  0.021677
5.865  0.021677
5.875  0
5.885  0
5.895  0
5.905  0
5.915  0
5.925  0
5.935  0
5.945  0
5.955  0
5.965  0
5.975  0
5.985  0
5.995  0
6.005  0
6.015  0
6.025  0
6.035  0
6.045  0
6.055  0.021677
6.065  0
6.075  0
6.085  0
6.095  0
6.105  -0.021677
6.115  0
6.125  0
6.135  0
6.145  0
6.155  -0.021677
6.165  0
6.175  0
6.185  0
6.195  0
6.205  0
6.215  -0.021677
6.225  0
6.235  0
6.245  0
6.255  0
6.265  0
6.275  0
6.285  0
6.295  0
6.305  0.021677
6.315  0
6.325  0
6.335  0
6.345  0
6.355  0
6.365  0
6.375  0
6.385  0
6.395  0
6.405  -0.021677
6.415  0.021677
6.425  0
6.435  0
6.445  0
6.455  0
6.465  0
6.475  0
6.485  0
6.495  0.043354
6.505  0
6.515  0
6.525  0
6.535  -0.021677
6.545  0
6.555  0.021677
6.565  0
6.575  0.021677
6.585  0
6.595  0
6.605  0
6.615  0
6.625  0
6.635  0.021677
6.645  0
6.655  0.043354
6.665  0
6.675  0
6.685  0
6.695  0
6.705  0
6.715  0
6.725  0
6.735  0.021677
6.745  0
6.755  0
6.765  0
6.775  0
6.785  0
6.795  0
6.805  0.021677
6.815  0
6.825  0
6.835  0
6.845  0.021677
6.855  0
6.865  0
6.875  0.021677
6.885  0
6.895  0
6.905  0
6.915  0.021677
6.925  -0.021677
6.935  0
6.945  -0.021677
6.955  0
6.965  0
6.975  0
6.985  0
6.995  0
7.005  0
7.015  0
7.025  0
7.035  0
7.045  -0.021677
7.055  0
7.065  0
7.075  0.043354
7.085  0.021677
7.095  0
7.105  0
7.115  0
7.125  0
7.135  0.021677
7.145  0
7.155  0
7.165  -0.021677
7.175  0
7.185  0
7.195  0
7.205  0.021677
7.215  0
7.225  0
7.235  0
7.245  0
7.255  0.021677
7.265  0
7.275  0.021677
7.285  0
7.295  0
7.305  0
7.315  0
7.325  0
7.335  0
7.345  0.021677
7.355  0
7.365  0
7.375  0
7.385  0
7.395  0
7.405  -0.021677
7.415  0.021677
7.425  0
7.435  0
7.445  0.021677
7.455  0
7.465  0.021677
7.475  0
7.485  0
7.495  0
7.505  0
7.515  0.021677
7.525  0.021677
7.535  0
7.545  0
7.555  0
7.565  0
7.575  0.021677
7.585  0
7.595  0.043354
7.605  0
7.615  0.021677
7.625  0
7.635  -0.021677
7.645  0.021677
7.655  0
7.665  0
7.675  0
7.685  0
7.695  0.021677
7.705  0
7.715  0
7.725  0
7.735  0.021677
7.745  0.021677
7.755  0.021677
7.765  -0.021677
7.775  0
7.785  0.021677
7.795  0.021677
7.805  0
7.815  0.043354
7.825  0.021677
7.835  0.021677
7.845  0
7.855  0.021677
7.865  0
7.875  0.021677
7.885  0.021677
7.895  -0.021677
7.905  0.021677
7.915  0.021677
7.925  0.021677
7.935  0
7.945  0
7.955  0
7.965  0.021677
7.975  0.043354
7.985  0
7.995  0
8.005  0
8.015  0.043354
8.025  0
8.035  0.021677
8.045  0
8.055  0
8.065  0
8.075  0.021677
8.085  0.021677
8.095  0
8.105  -0.021677
8.115  0
8.125  0
8.135  0.021677
8.145  0
8.155  0
8.165  0.021677
8.175  -0.043354
8.185  -0.021677
8.195  0
8.205  0
8.215  0
8.225  0.021677
8.235  0
8.245  0.021677
8.255  0
8.265  0.021677
8.275  0
8.285  0.021677
8.295  0
8.305  -0.021677
8.315  0
8.325  0.021677
8.335  -0.021677
8.345  -0.021677
8.355  -0.021677
8.365  0.043354
8.375  0
8.385  0.021677
8.395  -0.043354
8.405  0.021677
8.415  0
8.425  0.021677
8.435  0
8.445  0.021677
8.455  -0.021677
8.465  0
8.475  -0.021677
8.485  0
8.495  -0.021677
8.505  -0.043354
8.515  0
8.525  0
8.535  0.021677
8.545  0
8.555  0.021677
8.565  -0.0867081
8.575  0
8.585  0
8.595  -0.021677
8.605  0.021677
8.615  0.021677
8.625  0
8.635  -0.021677
8.645  0.021677
8.655  -0.043354
8.665  -0.021677
8.675  0.043354
8.685  0.0650311
8.695  0
8.705  0.021677
8.715  0
8.725  0
8.735  0
8.745  0.0867081
8.755  0
8.765  -0.021677
8.775  0.021677
8.785  0
8.795  -0.021677
8.805  -0.021677
8.815  -0.021677
8.825  0
8.835  0
8.845  0.021677
8.855  0
8.865  0.0650311
8.875  0.043354
8.885  0.043354
8.895  0.021677
8.905  0.021677
8.915  0
8.925  0.043354
8.935  0.043354
8.945  0.0650311
8.955  0.108385
8.965  0.043354
8.975  0.0867081
8.985  0.238447
8.995  0.346832
9.005  0.390186
9.015  0.455218
9.025  0.737019
9.035  0.997143
9.045  1.8859
9.055  2.99143
9.065  3.79348
9.075  5.50596
9.085  5.96118
9.095  6.6982
9.105  6.82826
9.115  9.061
9.125  7.86876
9.135  8.67081
9.145  9.81969
9.155  8.23727
9.165  9.6246
9.175  9.77634
9.185  10.3399
9.195  9.55957
9.205  9.27777
9.215  8.56242
9.225  10.3183
9.235  8.88758
9.245  9.86305
9.255  9.25609
9.265  9.40783
9.275  10.1882
9.285  9.66795
9.295  8.77919
9.305  8.67081
9.315  8.12888
9.325  6.58982
9.335  8.41069
9.345  7.2618
9.355  6.76323
9.365  7.11006
9.375  6.74155
9.385  6.76323
9.395  6.78491
9.405  7.60864
9.415  8.0205
9.425  8.12888
9.435  9.19106
9.445  7.89044
9.455  8.75752
9.465  8.8659
9.475  9.51621
9.485  10.0148
9.495  8.38901
9.505  8.8659
9.515  9.81969
9.525  9.64628
9.535  9.77634
9.545  8.17224
9.555  7.82541
9.565  6.87162
9.575  7.69534
9.585  6.11292
9.595  8.38901
9.605  8.17224
9.615  6.58982
9.625  7.21845
9.635  8.08553
9.645  7.39187
9.655  8.0205
9.665  6.89329
9.675  7.67367
9.685  8.04218
9.695  7.67367
9.705  9.71131
9.715  9.16938
9.725  9.16938
9.735  9.88472
9.745  9.1477
9.755  8.38901
9.765  8.84423
9.775  9.12603
9.785  10.1232
9.795  8.64913
9.805  10.1015
9.815  10.6651
9.825  9.27777
9.835  10.0148
9.845  8.84423
9.855  9.38615
9.865  9.64628
9.875  7.80373
9.885  8.19392
9.895  7.47857
9.905  7.65199
9.915  6.4164
9.925  6.06957
9.935  4.72559
9.945  7.04503
9.955  8.0205
9.965  5.63603
9.975  6.80659
9.985  6.84994
9.995  7.47857
10.005  7.56528
10.015  7.30516
10.025  7.5436
10.035  5.96118
10.045  7.71702
10.055  6.48143
10.065  7.52193
10.075  8.49739
10.085  8.36733
10.095  8.97429
10.105  8.3023
10.115  7.71702
10.125  8.0205
10.135  5.52764
10.145  7.19677
10.155  7.93379
10.165  7.78205
10.175  6.37304
10.185  7.28348
10.195  7.13174
10.205  6.45975
10.215  7.13174
10.225  7.30516
10.235  8.60578
10.245  8.80087
10.255  7.34851
10.265  10.5784
10.275  8.43236
10.285  9.061
10.295  9.1477
10.305  7.41354
10.315  8.15056
10.325  7.84708
10.335  8.51907
10.345  8.21559
10.355  8.38901
10.365  7.4569
10.375  7.56528
10.385  7.43522
10.395  7.99882
10.405  9.47286
10.415  9.08267
10.425  8.45404
10.435  6.56814
10.445  6.95832
10.455  9.45118
10.465  8.23727
10.475  9.10435
10.485  7.30516
10.495  8.15056
10.505  8.04218
10.515  8.93093
10.525  7.84708
10.535  7.50025
10.545  8.5841
10.555  8.75752
10.565  8.28062
10.575  8.10721
10.585  9.061
10.595  7.41354
10.605  8.80087
10.615  8.0205
10.625  7.71702
10.635  8.93093
10.645  7.47857
10.655  7.86876
10.665  7.89044
10.675  8.56242
10.685  8.15056
10.695  9.64628
10.705  7.89044
10.715  9.38615
10.725  8.80087
10.735  6.50311
10.745  7.89044
10.755  8.64913
10.765  7.97714
10.775  9.49454
10.785  7.39187
10.795  8.64913
10.805  8.84423
10.815  7.47857
10.825  9.36447
10.835  7.5436
10.845  7.95547
10.855  7.50025
10.865  7.4569
10.875  7.86876
10.885  8.45404
10.895  8.56242
10.905  8.23727
10.915  8.71416
10.925  7.86876
10.935  8.82255
10.945  7.56528
10.955  7.84708
10.965  8.67081
10.975  8.73584
10.985  9.29944
10.995  7.58696
11.005  7.37019
11.015  8.88758
11.025  7.82541
11.035  8.99597
11.045  9.01764
11.055  9.55957
11.065  9.01764
11.075  9.42951
11.085  8.28062
11.095  8.54075
11.105  8.12888
11.115  8.67081
11.125  8.54075
11.135  8.34565
11.145  8.80087
11.155  8.77919
11.165  9.45118
11.175  9.58124
11.185  9.77634
11.195  8.75752
11.205  10.7301
11.215  9.38615
11.225  9.60292
11.235  9.94975
11.245  10.4266
11.255  10.8168
11.265  10.3833
11.275  11.7489
11.285  11.142
11.295  10.4266
11.305  12.0958
11.315  11.5322
11.325  11.4671
11.335  11.207
11.345  12.1175
11.355  10.7735
11.365  10.2316
11.375  9.77634
11.385  11.9224
11.395  11.4888
11.405  10.8168
11.415  10.2316
11.425  9.55957
11.435  10.7085
11.445  10.1882
11.455  9.94975
11.465  10.6217
11.475  10.2099
11.485  10.1232
11.495  8.93093
11.505  9.86305
11.515  9.64628
11.525  10.0581
11.535  10.6217
11.545  10.8602
11.555  9.58124
11.565  12.5076
11.575  10.4917
11.585  11.5972
11.595  10.0365
11.605  10.405
11.615  9.6246
11.625  9.40783
11.635  10.2749
11.645  9.10435
11.655  10.1015
11.665  9.51621
11.675  10.3183
11.685  8.64913
11.695  10.3833
11.705  11.944
11.715  10.1448
11.725  10.2316
11.735  9.58124
11.745  11.944
11.755  12.2692
11.765  9.77634
11.775  10.9903
11.785  10.4917
11.795  11.1637
11.805  10.7735
11.815  10.2316
11.825  9.25609
11.835  10.4917
11.845  9.79801
11.855  10.0798
11.865  10.405
11.875  10.5784
11.885  10.2532
11.895  9.42951
11.905  9.60292
11.915  9.47286
11.925  10.4266
11.935  9.29944
11.945  9.40783
11.955  10.8819
11.965  10.3833
11.975  11.0336
11.985  11.0119
11.995  9.79801
12.005  11.6622
12.015  12.2909
12.025  11.1637
12.035  10.8819
12.045  10.8602
12.055  13.895
12.065  12.7244
12.075  14.0034
12.085  13.8299
12.095  13.2013
12.105  12.3776
12.115  11.4455
12.125  10.7301
12.135  11.7706
12.145  11.4671
12.155  10.6434
12.165  11.9657
12.175  10.7735
12.185  11.5539
12.195  12.5944
12.205  10.7952
12.215  11.5972
12.225  11.944
12.235  12.4643
12.245  11.1637
12.255  11.4671
12.265  10.1882
12.275  11.6189
12.285  13.2013
12.295  11.207
12.305  11.5972
12.315  10.535
12.325  10.9252
12.335  12.616
12.345  12.8328
12.355  12.8545
12.365  11.2287
12.375  11.3804
12.385  13.0712
12.395  12.4426
12.405  11.7273
12.415  10.8168
12.425  10.8819
12.435  11.7706
12.445  12.2909
12.455  13.1146
12.465  12.6811
12.475  12.5727
12.485  13.5481
12.495  13.6999
12.505  11.7056
12.515  12.8545
12.525  13.6132
12.535  13.3097
12.545  13.3964
12.555  13.4181
12.565  13.5048
12.575  13.5265
12.585  13.6999
12.595  14.5019
12.605  12.8328
12.615  13.4831
12.625  14.0901
12.635  12.7461
12.645  12.7461
12.655  13.2447
12.665  13.895
12.675  12.2258
12.685  13.0279
12.695  14.7621
12.705  13.8083
12.715  14.8704
12.725  15.4991
12.735  13.5915
12.745  14.5019
12.755  14.1117
12.765  13.8516
12.775  13.4398
12.785  14.2418
12.795  13.6565
12.805  15.0005
12.815  13.4614
12.825  15.6075
12.835  13.4181
12.845  14.5019
12.855  14.0467
12.865  13.5481
12.875  12.8111
12.885  14.567
12.895  14.3502
12.905  12.8111
12.915  15.1522
12.925  15.2606
12.935  14.7837
12.945  15.6508
12.955  14.0034
12.965  14.3285
12.975  13.2447
12.985  14.3502
12.995  15.1306
13.005  14.3502
13.015  14.0684
13.025  13.5481
13.035  14.8271
13.045  14.2852
13.055  14.4803
13.065  15.8026
13.075  13.9817
13.085  15.5207
13.095  16.7997
13.105  15.5207
13.115  16.0627
13.125  15.0872
13.135  15.5424
13.145  16.7997
13.155  16.9948
13.165  17.0381
13.175  15.4124
13.185  15.6725
13.195  16.3011
13.205  15.4124
13.215  16.5829
13.225  15.7375
13.235  16.6263
13.245  14.9571
13.255  17.385
13.265  17.3199
13.275  15.5641
13.285  15.369
13.295  15.6508
13.305  15.2389
13.315  17.0165
13.325  16.2578
13.335  16.4095
13.345  18.5989
13.355  16.5829
13.365  19.3793
13.375  18.7289
13.385  16.4529
13.395  18.1003
13.405  17.7752
13.415  17.5584
13.425  18.4255
13.435  17.5801
13.445  16.3011
13.455  16.4095
13.465  17.5584
13.475  16.5612
13.485  16.5612
13.495  19.3142
13.505  17.385
13.515  17.8835
13.525  16.3228
13.535  18.2304
13.545  19.7261
13.555  16.648
13.565  16.9514
13.575  18.2304
13.585  17.5367
13.595  18.3821
13.605  19.3793
13.615  18.794
13.625  18.5989
13.635  18.7723
13.645  18.794
13.655  19.0975
13.665  20.1163
13.675  19.5744
13.685  21.0267
13.695  20.1596
13.705  18.2087
13.715  19.4009
13.725  18.122
13.735  20.0946
13.745  20.6365
13.755  20.6149
13.765  20.3547
13.775  21.4386
13.785  20.0729
13.795  20.6799
13.805  20.0729
13.815  18.1437
13.825  18.9674
13.835  20.6149
13.845  20.203
13.855  17.9052
13.865  20.268
13.875  19.1625
13.885  18.9024
13.895  20.0946
13.905  20.7449
13.915  22.5008
13.925  20.7883
13.935  18.6206
13.945  20.6799
13.955  20.1813
13.965  20.3764
13.975  19.8562
13.985  20.0729
13.995  19.6827
14.005  19.7478
14.015  18.9674
14.025  19.4009
14.035  18.794
14.045  20.268
14.055  19.4443
14.065  19.2275
14.075  20.0512
14.085  19.2709
14.095  20.203
14.105  20.5065
14.115  19.8345
14.125  21.0701
14.135  21.7637
14.145  21.2218
14.155  20.5065
14.165  19.9862
14.175  21.5036
14.185  21.3302
14.195  22.3924
14.205  23.3245
14.215  22.9776
14.225  21.612
14.235  23.2161
14.245  21.1568
14.255  22.3273
14.265  22.9776
14.275  22.6742
14.285  22.0672
14.295  21.2218
14.305  20.6582
14.315  21.3735
14.325  21.4819
14.335  21.9371
14.345  22.4574
14.355  20.8316
14.365  21.9805
14.375  22.4574
14.385  21.3735
14.395  23.6063
14.405  22.4574
14.415  22.4791
14.425  22.4574
14.435  23.3462
14.445  21.2218
14.455  22.8476
14.465  22.7826
14.475  22.5008
14.485  23.1294
14.495  23.3245
14.505  23.6496
14.515  21.7854
14.525  22.1973
14.535  21.5036
14.545  22.7609
14.555  22.3273
14.565  21.3735
14.575  23.086
14.585  22.6308
14.595  23.4112
14.605  24.7552
14.615  23.7797
14.625  23.086
14.635  22.3924
14.645  22.8693
14.655  22.8909
14.665  21.3085
14.675  22.1973
14.685  21.6337
14.695  23.1294
14.705  21.7854
14.715  21.4169
14.725  21.8938
14.735  22.4574
14.745  22.414
14.755  23.9314
14.765  21.8938
14.775  21.7637
14.785  23.3028
14.795  23.823
14.805  22.4574
14.815  24.8635
14.825  23.1077
14.835  22.7175
14.845  24.3867
14.855  22.5008
14.865  23.5412
14.875  22.956
14.885  23.8014
14.895  24.4083
14.905  24.4517
14.915  23.9098
14.925  24.2999
14.935  22.5441
14.945  25.8824
14.955  23.5629
14.965  25.5139
14.975  24.8419
14.985  24.9719
14.995  25.4055
15.005  24.5601
15.015  24.0398
15.025  23.6496
15.035  25.2971
15.045  24.9719
15.055  25.2104
15.065  24.8635
15.075  25.4705
15.085  23.9314
15.095  25.4271
15.105  24.5817
15.115  24.6034
15.125  26.4243
15.135  24.2999
15.145  24.43
15.155  25.0586
15.165  24.9719
15.175  26.0991
15.185  23.2811
15.195  25.8607
15.205  25.1453
15.215  25.6656
15.225  24.2999
15.235  23.5412
15.245  25.904
15.255  25.5789
15.265  26.1208
15.275  25.0153
15.285  25.5572
15.295  26.511
15.305  26.6627
15.315  26.7711
15.325  26.9229
15.335  24.2999
15.345  25.7306
15.355  26.8362
15.365  26.0341
15.375  24.9503
15.385  26.4893
15.395  25.6006
15.405  25.9257
15.415  25.2321
15.425  26.1858
15.435  26.5544
15.445  26.6194
15.455  25.037
15.465  26.2075
15.475  25.3621
15.485  26.5327
15.495  25.7523
15.505  25.7957
15.515  25.7523
15.525  25.9691
15.535  26.1208
15.545  25.9474
15.555  24.8419
15.565  25.102
15.575  26.0124
15.585  26.8578
15.595  24.4083
15.605  24.4083
15.615  26.2075
15.625  27.3564
15.635  27.0096
15.645  27.4648
15.655  24.9936
15.665  27.0312
15.675  26.6627
15.685  26.4026
15.695  25.7957
15.705  23.4112
15.715  25.2754
15.725  26.2726
15.735  25.4488
15.745  27.2047
15.755  26.7928
15.765  23.6713
15.775  25.9691
15.785  26.511
15.795  25.6439
15.805  27.3347
15.815  28.4403
15.825  26.8145
15.835  27.6165
15.845  26.5327
15.855  27.183
15.865  27.3131
15.875  27.2914
15.885  26.5327
15.895  27.3131
15.905  26.2726
15.915  28.1368
15.925  25.904
15.935  25.5572
15.945  26.8145
15.955  27.8983
15.965  27.4865
15.975  28.0501
15.985  28.527
15.995  27.0096
16.005  26.5327
16.015  27.1613
16.025  27.855
16.035  28.6353
16.045  28.0934
16.055  28.2235
16.065  29.0472
16.075  28.5053
16.085  27.985
16.095  27.2263
16.105  28.3102
16.115  29.5675
16.125  27.855
16.135  27.8116
16.145  28.657
16.155  27.6816
16.165  27.6382
16.175  27.8983
16.185  28.4403
16.195  28.592
16.205  27.1396
16.215  29.264
16.225  28.0501
16.235  27.4648
16.245  27.1396
16.255  28.8955
16.265  29.7409
16.275  28.7221
16.285  27.7249
16.295  29.5458
16.305  30.001
16.315  28.9388
16.325  29.4374
16.335  27.2047
16.345  27.7899
16.355  28.1368
16.365  27.9634
16.375  28.7437
16.385  26.6844
16.395  27.855
16.405  28.9388
16.415  28.7437
16.425  27.0529
16.435  27.8767
16.445  26.6844
16.455  28.7004
16.465  26.576
16.475  29.4591
16.485  28.0934
16.495  27.4648
16.505  28.1151
16.515  28.3102
16.525  28.2018
16.535  27.3998
16.545  27.4865
16.555  28.3535
16.565  27.6165
16.575  27.6382
16.585  26.6194
16.595  25.7306
16.605  27.7466
16.615  28.1368
16.625  27.3998
16.635  27.2263
16.645  27.118
16.655  26.8795
16.665  25.4488
16.675  25.9908
16.685  26.6844
16.695  27.9417
16.705  27.4865
16.715  26.9229
16.725  26.4026
16.735  27.4214
16.745  27.4431
16.755  26.9012
16.765  25.5139
16.775  27.6382
16.785  28.0284
16.795  27.3131
16.805  26.5327
16.815  25.8173
16.825  27.5732
16.835  26.6411
16.845  26.6411
16.855  26.4893
16.865  25.839
16.875  26.9229
16.885  26.6411
16.895  25.774
16.905  26.8578
16.915  24.9069
16.925  25.4705
16.935  25.7306
16.945  26.4893
16.955  25.8607
16.965  24.7335
16.975  25.167
16.985  26.7928
16.995  24.3867
17.005  25.839
17.015  25.2537
17.025  25.2104
17.035  25.1237
17.045  25.0586
17.055  23.8447
17.065  25.4922
17.075  25.9474
17.085  24.6468
17.095  24.4083
17.105  23.7797
17.115  24.1049
17.125  23.758
17.135  23.3462
17.145  24.6034
17.155  24.7552
17.165  25.9908
17.175  25.8824
17.185  24.2999
17.195  26.0775
17.205  24.2132
17.215  23.5846
17.225  24.2999
17.235  24.2566
17.245  25.1237
17.255  25.0803
17.265  23.823
17.275  25.1237
17.285  25.904
17.295  25.3838
17.305  25.102
17.315  26.446
17.325  25.4271
17.335  23.3462
17.345  24.4517
17.355  24.8852
17.365  25.5139
17.375  24.4734
17.385  23.5846
17.395  25.2971
17.405  25.037
17.415  24.0615
17.425  23.4762
17.435  23.9748
17.445  24.8202
17.455  23.9748
17.465  24.2999
17.475  23.4545
17.485  24.7552
17.495  23.4329
17.505  24.9936
17.515  22.414
17.525  24.0832
17.535  24.2349
17.545  25.2321
17.555  23.2378
17.565  25.3621
17.575  24.7552
17.585  22.6308
17.595  21.9805
17.605  24.2783
17.615  23.1727
17.625  23.4112
17.635  22.0022
17.645  22.9343
17.655  22.4791
17.665  21.612
17.675  21.8938
17.685  21.2001
17.695  20.6149
17.705  23.0427
17.715  21.3302
17.725  21.8071
17.735  22.4574
17.745  22.5008
17.755  22.1756
17.765  21.3519
17.775  20.6799
17.785  20.5065
17.795  22.0455
17.805  21.3952
17.815  20.0729
17.825  21.5036
17.835  21.5036
17.845  20.7666
17.855  21.6987
17.865  20.94
17.875  21.005
17.885  20.4848
17.895  20.0512
17.905  21.7204
17.915  21.5036
17.925  21.2435
17.935  21.1134
17.945  20.2247
17.955  21.2218
17.965  19.8345
17.975  20.6149
17.985  20.0729
17.995  19.9645
18.005  21.1134
18.015  21.2218
18.025  21.1134
18.035  18.5772
18.045  20.6799
18.055  18.6206
18.065  20.1813
18.075  20.1596
18.085  18.6206
18.095  19.9212
18.105  18.6206
18.115  20.0729
18.125  21.0267
18.135  20.3547
18.145  20.4198
18.155  18.8373
18.165  20.2247
18.175  19.0758
18.185  20.7016
18.195  18.4255
18.205  19.0975
18.215  18.924
18.225  19.5527
18.235  18.3604
18.245  18.859
18.255  19.0975
18.265  18.5772
18.275  19.7044
18.285  19.5744
18.295  19.7478
18.305  18.5122
18.315  18.1437
18.325  18.2087
18.335  19.5527
18.345  18.7506
18.355  18.5122
18.365  18.2304
18.375  19.7478
18.385  19.0324
18.395  18.7073
18.405  18.1653
18.415  18.8807
18.425  18.1437
18.435  17.2549
18.445  19.7478
18.455  18.924
18.465  17.9486
18.475  17.4283
18.485  19.0541
18.495  18.7289
18.505  18.9457
18.515  20.3764
18.525  18.187
18.535  18.5122
18.545  17.3416
18.555  17.385
18.565  17.8185
18.575  17.9052
18.585  18.5772
18.595  18.9674
18.605  18.5989
18.615  19.6827
18.625  19.3793
18.635  16.9514
18.645  18.1003
18.655  17.6668
18.665  18.5555
18.675  17.0381
18.685  17.2983
18.695  18.924
18.705  17.8402
18.715  17.4067
18.725  20.0296
18.735  17.1248
18.745  18.122
18.755  16.7563
18.765  17.3633
18.775  19.4226
18.785  18.0353
18.795  19.1191
18.805  19.0324
18.815  18.4905
18.825  17.385
18.835  16.9298
18.845  17.45
18.855  16.843
18.865  16.9081
18.875  15.9543
18.885  16.0844
18.895  16.8214
18.905  16.4095
18.915  16.7997
18.925  16.1927
18.935  16.5179
18.945  17.1899
18.955  16.843
18.965  17.5801
18.975  16.8647
18.985  16.8214
18.995  16.106
19.005  16.5179
19.015  17.1248
19.025  16.3011
19.035  16.4312
19.045  15.8459
19.055  16.2361
19.065  16.4745
19.075  16.3228
19.085  15.9326
19.095  15.4991
19.105  14.632
19.115  15.8676
19.125  14.1985
19.135  15.9543
19.145  15.8459
19.155  16.1277
19.165  15.7592
19.175  14.3935
19.185  15.4774
19.195  15.2823
19.205  16.7347
19.215  16.2794
19.225  15.9543
19.235  14.9571
19.245  15.6075
19.255  15.8242
19.265  15.1089
19.275  15.1306
19.285  14.025
19.295  15.0655
19.305  15.6291
19.315  16.1927
19.325  14.5236
19.335  16.041
19.345  15.0655
19.355  14.8271
19.365  15.1306
19.375  15.3257
19.385  15.5641
19.395  16.1927
19.405  15.4557
19.415  15.6075
19.425  15.1522
19.435  15.6508
19.445  14.0684
19.455  15.1956
19.465  14.3285
19.475  14.4586
19.485  14.0901
19.495  14.9571
19.505  14.1334
19.515  13.9817
19.525  15.7158
19.535  14.8054
19.545  15.1739
19.555  14.8054
19.565  15.0222
19.575  14.3285
19.585  14.1768
19.595  16.1277
19.605  15.369
19.615  14.5236
19.625  15.6508
19.635  15.4774
19.645  14.6753
19.655  14.7187
19.665  14.6753
19.675  14.3719
19.685  13.8083
19.695  15.4991
19.705  15.9976
19.715  14.6753
19.725  14.9571
19.735  15.3473
19.745  15.1089
19.755  15.2823
19.765  13.7649
19.775  14.8054
19.785  14.632
19.795  14.3502
19.805  14.0467
19.815  14.8921
19.825  14.8271
19.835  15.2389
19.845  14.3502
19.855  14.697
19.865  14.5453
19.875  15.6725
19.885  14.3935
19.895  13.7649
19.905  15.1522
19.915  14.5236
19.925  14.9571
19.935  14.5236
19.945  14.3502
19.955  14.3935
19.965  15.1739
19.975  12.8328
19.985  13.2663
19.995  13.3747
20.005  13.7866
20.015  14.1551
20.025  14.8271
20.035  13.7216
20.045  12.8328
20.055  13.353
20.065  13.6132
20.075  14.0684
20.085  13.4614
20.095  13.6782
20.105  13.8516
20.115  13.4398
20.125  13.96
20.135  14.2201
20.145  14.0034
20.155  13.5048
20.165  14.0034
20.175  14.4803
20.185  13.8083
20.195  13.2447
20.205  14.5453
20.215  13.1796
20.225  12.8978
20.235  14.632
20.245  13.223
20.255  13.3314
20.265  13.9166
20.275  13.5915
20.285  14.2635
20.295  13.4398
20.305  13.223
20.315  13.1146
20.325  12.7678
20.335  12.7461
20.345  13.4614
20.355  12.616
20.365  13.6565
20.375  13.2663
20.385  13.2447
20.395  14.3068
20.405  13.9383
20.415  14.1985
20.425  13.7866
20.435  12.3776
20.445  14.3935
20.455  14.3285
20.465  13.5481
20.475  12.5293
20.485  13.1796
20.495  14.1117
20.505  13.6565
20.515  14.7837
20.525  13.6999
20.535  13.4831
20.545  15.0005
20.555  13.8083
20.565  13.6348
20.575  13.4398
20.585  12.616
20.595  14.1551
20.605  13.5265
20.615  13.3097
20.625  13.6132
20.635  13.7649
20.645  11.9874
20.655  14.1768
20.665  11.4455
20.675  13.8299
20.685  14.3935
20.695  12.2692
20.705  13.158
20.715  12.7461
20.725  13.2013
20.735  13.3314
20.745  13.0496
20.755  13.4181
20.765  14.2418
20.775  11.2287
20.785  13.2447
20.795  12.7461
20.805  12.6811
20.815  12.1825
20.825  11.6189
20.835  12.2042
20.845  12.8978
20.855  12.486
20.865  12.9412
20.875  13.8299
20.885  12.5293
20.895  14.1551
20.905  13.5915
20.915  13.3314
20.925  12.3559
20.935  12.5293
20.945  12.9629
20.955  12.0524
20.965  12.3125
20.975  12.1391
20.985  13.223
20.995  13.158
21.005  12.8762
21.015  14.4369
21.025  14.8271
21.035  13.5265
21.045  11.8573
21.055  13.1796
21.065  13.7432
21.075  12.2909
21.085  12.8328
21.095  12.0524
21.105  11.7706
21.115  12.4209
21.125  12.8328
21.135  12.9629
21.145  12.9412
21.155  13.0062
21.165  11.5755
21.175  12.8978
21.185  12.551
21.195  11.7489
21.205  12.2258
21.215  13.3964
21.225  13.0496
21.235  12.0524
21.245  12.5944
21.255  12.2042
21.265  12.3125
21.275  14.0034
21.285  13.5048
21.295  13.3314
21.305  14.1334
21.315  13.0712
21.325  11.1203
21.335  12.2692
21.345  13.6348
21.355  13.1796
21.365  12.0741
21.375  12.486
21.385  11.944
21.395  12.7027
21.405  12.7461
21.415  12.9845
21.425  13.1146
21.435  12.3776
21.445  13.3314
21.455  12.5944
21.465  13.223
21.475  11.0336
21.485  13.6132
21.495  13.4614
21.505  13.5048
21.515  12.1391
21.525  12.8545
21.535  12.8762
21.545  12.486
21.555  12.4643
21.565  12.9195
21.575  13.0279
21.585  12.8545
21.595  12.5944
21.605  12.6594
21.615  12.6594
21.625  12.5076
21.635  12.0091
21.645  12.8545
21.655  14.0684
21.665  14.0467
21.675  13.6999
21.685  13.5698
21.695  12.8978
21.705  12.7244
21.715  10.8819
21.725  11.5539
21.735  12.5293
21.745  11.077
21.755  13.3314
21.765  12.7894
21.775  11.9007
21.785  13.0929
21.795  12.0958
21.805  12.4209
21.815  12.1175
21.825  12.1391
21.835  12.3776
21.845  14.1551
21.855  11.6622
21.865  12.0524
21.875  11.7923
21.885  12.551
21.895  12.7244
21.905  12.4209
21.915  12.9629
21.925  12.9845
21.935  12.7461
21.945  12.7027
21.955  12.0524
21.965  12.7678
21.975  13.4614
21.985  13.0929
21.995  12.4643
22.005  12.7027
22.015  12.486
22.025  12.1391
22.035  13.288
22.045  12.2909
22.055  13.2013
22.065  12.5293
22.075  12.5727
22.085  13.6782
22.095  13.5048
22.105  13.1796
22.115  12.8978
22.125  13.5265
22.135  11.7273
22.145  12.2475
22.155  11.8357
22.165  13.0496
22.175  11.6839
22.185  12.0958
22.195  12.0741
22.205  12.6811
22.215  11.7923
22.225  13.0496
22.235  11.4021
22.245  12.8545
22.255  12.0958
22.265  13.1796
22.275  12.7461
22.285  12.3559
22.295  11.5755
22.305  13.8083
22.315  12.6594
22.325  11.8357
22.335  13.96
22.345  11.944
22.355  13.4398
22.365  12.0741
22.375  11.6622
22.385  13.288
22.395  12.0958
22.405  12.2692
22.415  11.6406
22.425  11.6189
22.435  12.6811
22.445  12.5727
22.455  12.2258
22.465  11.7489
22.475  10.7301
22.485  12.3559
22.495  11.7923
22.505  10.8819
22.515  10.5784
22.525  12.0524
22.535  12.486
22.545  12.0741
22.555  12.2909
22.565  11.2721
22.575  11.9224
22.585  11.9657
22.595  13.3314
22.605  11.2937
22.615  11.879
22.625  12.9412
22.635  11.6622
22.645  11.7056
22.655  11.3371
22.665  11.7056
22.675  12.5076
22.685  11.9874
22.695  11.3804
22.705  11.6189
22.715  11.7923
22.725  14.2418
22.735  11.9007
22.745  11.7056
22.755  11.7489
22.765  12.3125
22.775  11.1637
22.785  12.2258
22.795  12.0958
22.805  10.8602
22.815  11.0553
22.825  12.3993
22.835  13.288
22.845  11.7489
22.855  11.8357
22.865  12.616
22.875  12.8328
22.885  12.1391
22.895  12.6594
22.905  12.8978
22.915  11.9874
22.925  12.8978
22.935  12.2258
22.945  12.0524
22.955  10.6217
22.965  13.288
22.975  11.2287
22.985  12.6377
22.995  11.2287
23.005  12.1608
23.015  12.1391
23.025  12.7894
23.035  12.4426
23.045  11.5322
23.055  11.4455
23.065  12.4209
23.075  13.0929
23.085  11.6189
23.095  12.2692
23.105  13.3097
23.115  12.7027
23.125  13.4614
23.135  12.1391
23.145  12.8978
23.155  11.7273
23.165  11.8573
23.175  12.1175
23.185  10.5134
23.195  11.4021
23.205  11.8357
23.215  12.1391
23.225  11.4455
23.235  11.6839
23.245  12.5293
23.255  13.3314
23.265  11.3154
23.275  12.7894
23.285  11.6406
23.295  12.616
23.305  11.3154
23.315  11.9224
23.325  11.5322
23.335  12.0524
23.345  12.2475
23.355  11.5322
23.365  12.5727
23.375  11.4455
23.385  12.0741
23.395  12.0524
23.405  12.2909
23.415  12.1825
23.425  11.944
23.435  12.1391
23.445  11.3154
23.455  11.1637
23.465  11.6839
23.475  11.7273
23.485  11.6839
23.495  12.2258
23.505  11.944
23.515  11.9007
23.525  12.2909
23.535  11.7273
23.545  12.486
23.555  12.5944
23.565  12.4209
23.575  11.3371
23.585  11.944
23.595  11.5972
23.605  12.0741
23.615  12.6377
23.625  12.6594
23.635  12.1391
23.645  12.0741
23.655  12.0091
23.665  12.2692
23.675  11.814
23.685  11.4455
23.695  13.1796
23.705  12.2692
23.715  11.7923
23.725  12.6811
23.735  12.0091
23.745  13.353
23.755  12.8978
23.765  11.9874
23.775  13.0929
23.785  12.3342
23.795  12.1825
23.805  11.7706
23.815  12.1608
23.825  11.814
23.835  11.5539
23.845  11.4021
23.855  12.6594
23.865  11.5755
23.875  12.1175
23.885  12.3125
23.895  11.5539
23.905  11.6406
23.915  10.9035
23.925  11.814
23.935  12.0091
23.945  12.8111
23.955  11.6622
23.965  12.3342
23.975  11.5539
23.985  11.6406
23.995  11.4238
24.005  13.0062
24.015  12.3776
24.025  12.0741
24.035  12.1825
24.045  12.5727
24.055  11.5539
24.065  12.8328
24.075  12.3125
24.085  12.0524
24.095  12.616
24.105  10.7085
24.115  12.1825
24.125  12.6594
24.135  11.5755
24.145  11.9007
24.155  12.0091
24.165  13.3097
24.175  12.8328
24.185  12.2692
24.195  12.2692
24.205  11.2721
24.215  12.9195
24.225  13.2013
24.235  11.944
24.245  11.1203
24.255  11.0336
24.265  11.6839
24.275  13.2447
24.285  11.9874
24.295  11.3804
24.305  13.4181
24.315  11.0336
24.325  13.0929
24.335  12.1825
24.345  11.6622
24.355  11.9874
24.365  12.1175
24.375  11.8357
24.385  11.3154
24.395  12.2042
24.405  12.2475
24.415  11.4888
24.425  12.4643
24.435  11.1853
24.445  12.9195
24.455  11.7273
24.465  12.486
24.475  12.1175
24.485  11.6839
24.495  11.7489
24.505  12.1825
24.515  11.5755
24.525  11.1203
24.535  11.879
24.545  11.142
24.555  11.9224
24.565  11.7923
24.575  11.4238
24.585  11.3371
24.595  12.2258
24.605  11.7056
24.615  11.5539
24.625  10.9686
24.635  10.6868
24.645  10.0798
24.655  12.2258
24.665  12.8328
24.675  12.1391
24.685  13.4181
24.695  11.879
24.705  11.9224
24.715  12.0741
24.725  11.8573
24.735  11.814
24.745  10.4483
24.755  9.60292
24.765  11.5972
24.775  12.0741
24.785  11.6406
24.795  11.5539
24.805  11.8573
24.815  12.0958
24.825  12.2909
24.835  11.0336
24.845  11.2504
24.855  11.3588
24.865  11.6839
24.875  10.8168
24.885  10.0148
24.895  11.3804
24.905  10.3616
24.915  12.1608
24.925  11.0119
24.935  11.9874
24.945  11.2721
24.955  11.9874
24.965  12.1175
24.975  11.6622
24.985  11.5322
24.995  11.077
25.005  11.879
25.015  11.7056
25.025  11.3371
25.035  11.7706
25.045  11.7706
25.055  12.1825
25.065  11.6406
25.075  12.1608
25.085  11.7273
25.095  11.7056
25.105  13.1146
25.115  11.944
25.125  11.6406
25.135  11.3588
25.145  12.2258
25.155  11.7489
25.165  11.3804
25.175  11.2721
25.185  11.7056
25.195  11.5322
25.205  12.0091
25.215  13.4398
25.225  12.0741
25.235  12.2042
25.245  10.8602
25.255  12.0958
25.265  11.077
25.275  11.6839
25.285  11.2287
25.295  11.077
25.305  13.0496
25.315  13.3747
25.325  11.3804
25.335  11.6406
25.345  10.6001
25.355  12.0091
25.365  10.0798
25.375  11.5539
25.385  11.9007
25.395  11.1203
25.405  12.1175
25.415  11.4671
25.425  11.5539
25.435  11.4021
25.445  11.7273
25.455  12.4643
25.465  12.3993
25.475  12.0958
25.485  10.8385
25.495  12.1825
25.505  11.944
25.515  11.9657
25.525  11.7923
25.535  11.2504
25.545  10.1232
25.555  11.9874
25.565  11.2721
25.575  11.1853
25.585  11.4455
25.595  11.8357
25.605  11.7706
25.615  11.6406
25.625  11.5322
25.635  12.2475
25.645  11.0986
25.655  11.2937
25.665  11.5972
25.675  11.1637
25.685  11.3154
25.695  10.6651
25.705  11.2287
25.715  11.2504
25.725  11.5972
25.735  11.2721
25.745  11.5322
25.755  11.0119
25.765  10.7735
25.775  11.0119
25.785  11.0336
25.795  11.142
25.805  10.9469
25.815  10.2099
25.825  10.9903
25.835  10.9252
25.845  10.9903
25.855  11.1203
25.865  10.7301
25.875  9.99311
25.885  9.81969
25.895  9.16938
25.905  10.3399
25.915  9.75466
25.925  9.53789
25.935  8.99597
25.945  9.58124
25.955  8.19392
25.965  8.99597
25.975  9.55957
25.985  8.49739
25.995  8.75752
26.005  8.17224
26.015  7.95547
26.025  7.63031
26.035  7.80373
26.045  7.15342
26.055  7.7387
26.065  7.65199
26.075  6.84994
26.085  6.63317
26.095  6.67652
26.105  6.35137
26.115  5.89615
26.125  6.15627
26.135  5.22416
26.145  4.48714
26.155  5.24584
26.165  5.3759
26.175  4.79062
26.185  4.35708
26.195  3.88019
26.205  3.88019
26.215  3.81516
26.225  4.27037
26.235  2.9264
26.245  3.05646
26.255  2.3628
26.265  1.8859
26.275  2.10267
26.285  1.86422
26.295  1.38733
26.305  1.19224
26.315  1.0405
26.325  0.346832
26.335  0.325155
26.345  0.325155
26.355  0.325155
26.365  0.130062
26.375  0.238447
26.385  0.021677
26.395  0.0867081
26.405  0.0650311
26.415  0.021677
26.425  0.130062
26.435  0
26.445  0.021677
26.455  0
26.465  0
26.475  0.043354
26.485  0
26.495  0.021677
26.505  0
26.515  0.021677
26.525  0.021677
26.535  0.021677
26.545  0
26.555  0
26.565  0.021677
26.575  0
26.585  -0.021677
26.595  0
26.605  0
26.615  0
26.625  0
26.635  0
26.645  0
26.655  0
26.665  0
26.675  0
26.685  0
26.695  0
26.705  0
26.715  0
26.725  0
26.735  0
26.745  0
26.755  0
26.765  0
26.775  0
26.785  0
26.795  0
26.805  0
26.815  0
26.825  0
26.835  0
26.845  0
26.855  0
26.865  0
26.875  0
26.885  0
26.895  0
26.905  0
26.915  0
26.925  0
26.935  0
26.945  0
26.955  0
26.965  0
26.975  0
26.985  0
26.995  0
27.005  0
27.015  0
27.025  0
27.035  0
27.045  0
27.055  0
27.065  0
27.075  0
27.085  0
27.095  0
27.105  0
27.115  0
27.125  0
27.135  0
27.145  0
27.155  0
27.165  0
27.175  0
27.185  0
27.195  0
27.205  0
27.215  0
27.225  0
27.235  0
27.245  0
27.255  0
27.265  0
27.275  0
27.285  0
27.295  0
27.305  0
27.315  0
27.325  0
27.335  0
27.345  0
27.355  0
27.365  0
27.375  0
27.385  0
27.395  0
27.405  0
27.415  0
27.425  0
27.435  0
27.445  0
27.455  0
27.465  0
27.475  0
27.485  0
27.495  0
27.505  0
27.515  0
27.525  0
27.535  0
27.545  0
27.555  0
27.565  0
27.575  0
27.585  0
27.595  0
27.605  0
27.615  0
27.625  0
27.635  0
27.645  0
27.655  0
27.665  0
27.675  0
27.685  0
27.695  0
27.705  0
27.715  0
27.725  0
27.735  0
27.745  0
27.755  0
27.765  0
27.775  0
27.785  0
27.795  0
27.805  0
27.815  0
27.825  0
27.835  0
27.845  0
27.855  0
27.865  0
27.875  0
27.885  0
27.895  0
27.905  0
27.915  0
27.925  0
27.935  0
27.945  0
27.955  0
27.965  0
27.975  0
27.985  0
27.995  0
28.005  0
28.015  0
28.025  0
28.035  0
28.045  0
28.055  0
28.065  0
28.075  0
28.085  0
28.095  0
28.105  0
28.115  0
28.125  0
28.135  0
28.145  0
28.155  0
28.165  0
28.175  0
28.185  0
28.195  0
28.205  0
28.215  0
28.225  0
28.235  0
28.245  0
28.255  0
28.265  0
28.275  0
28.285  0
28.295  0
28.305  0
28.315  0
28.325  0
28.335  0
28.345  0
28.355  0
28.365  0
28.375  0
28.385  0
28.395  0
28.405  0
28.415  0
28.425  0
28.435  0
28.445  0
28.455  0
28.465  0
28.475  0
28.485  0
28.495  0
28.505  0
28.515  0
28.525  0
28.535  0
28.545  0
28.555  0
28.565  0
28.575  0
28.585  0
28.595  0
28.605  0
28.615  0
28.625  0
28.635  0
28.645  0
28.655  0
28.665  0
28.675  0
28.685  0
28.695  0
28.705  0
28.715  0
28.725  0
28.735  0
28.745  0
28.755  0
28.765  0
28.775  0
28.785  0
28.795  0
28.805  0
28.815  0
28.825  0
28.835  0
28.845  0
28.855  0
28.865  0
28.875  0
28.885  0
28.895  0
28.905  0
28.915  0
28.925  0
28.935  0
28.945  0
28.955  0
28.965  0
28.975  0
28.985  0
28.995  0
29.005  0
29.015  0
29.025  0
29.035  0
29.045  0
29.055  0
29.065  0
29.075  0
29.085  0
29.095  0
29.105  0
29.115  0
29.125  0
29.135  0
29.145  0
29.155  0
29.165  0
29.175  0
29.185  0
29.195  0
29.205  0
29.215  0
29.225  0
29.235  0
29.245  0
29.255  0
29.265  0
29.275  0
29.285  0
29.295  0
29.305  0
29.315  0
29.325  0
29.335  0
29.345  0
29.355  0
29.365  0
29.375  0
29.385  0
29.395  0
29.405  0
29.415  0
29.425  0
29.435  0
29.445  0
29.455  0
29.465  0
29.475  0
29.485  0
29.495  0
29.505  0
29.515  0
29.525  0
29.535  0
29.545  0
29.555  0
29.565  0
29.575  0
29.585  0
29.595  0
29.605  0
29.615  0
29.625  0
29.635  0
29.645  0
29.655  0
29.665  0
29.675  0
29.685  0
29.695  0
29.705  0
29.715  0
29.725  0
29.735  0
29.745  0
29.755  0
29.765  0
29.775  0
29.785  0
29.795  0
29.805  0
29.815  0
29.825  0
29.835  0
29.845  0
29.855  0
29.865  0
29.875  0
29.885  0.021677
29.895  0
29.905  0
29.915  0
29.925  0
29.935  0
29.945  0
29.955  0
29.965  0
29.975  0
29.985  0
