   5.5819056e+00
   5.9348623e+00
   5.8280944e+00
   6.1473013e+00
   5.9619830e+00
   5.4739591e+00
   4.9746592e+00
   4.5762427e+00
   4.1890091e+00
   3.6784176e+00
   3.0108290e+00
   2.8365439e+00
   2.8192028e+00
   3.5642563e+00
   4.5671446e+00
   4.6282178e+00
   5.2834866e+00
   6.1293513e+00
   6.1454722e+00
   6.6773692e+00
   5.6058926e+00
   6.9561924e+00
   5.3128789e+00
   5.8110228e+00
   5.7597044e+00
   5.7196641e+00
   5.8029019e+00
   4.8658277e+00
   5.5993117e+00
   4.7182539e+00
   4.1511044e+00
   4.3239233e+00
   3.2409805e+00
   3.2455759e+00
   2.5101600e+00
   2.0774532e+00
   8.9351563e-01
   1.3689277e+00
   1.5752396e+00
   1.5685016e+00
   1.1020541e+00
   1.5773972e+00
   3.1485112e-01
   9.9196571e-01
   9.9390974e-02
   5.5222689e-01
   6.4626362e-01
   9.1967135e-01
   1.4733602e+00
   1.6682402e+00
   2.2218915e+00
   2.8203739e+00
   2.9142977e+00
   2.6382030e+00
   3.7187395e+00
   3.0053475e+00
   3.8728166e+00
   3.5518069e+00
   4.2286387e+00
   4.7821225e+00
   4.5395284e+00
   5.3396470e+00
   4.3233984e+00
   4.3498426e+00
   4.2753700e+00
   4.3242107e+00
   3.3527450e+00
   4.2200332e+00
   3.4503454e+00
   3.7009418e+00
   2.9424326e+00
   2.7557282e+00
   2.6587091e+00
   3.7165056e+00
   2.4309775e+00
   1.4369445e+00
   2.1919767e+00
   2.1060839e+00
   2.0650361e+00
   1.8109433e+00
   1.8034952e+00
   1.3587619e+00
   9.4765335e-01
   2.5546797e+00
   3.4105011e+00
   4.7259876e+00
   4.8529892e+00
   5.0921058e+00
   4.7705974e+00
   4.7518041e+00
   4.9796558e+00
   4.3441727e+00
   3.7871547e+00
   3.5664918e+00
   2.7179342e+00
   2.6093518e+00
   2.9155948e+00
   2.7621434e+00
   2.8216973e+00
   3.8230466e+00
   3.7031812e+00
   4.9175310e+00
   5.4367161e+00
   5.5074263e+00
   6.1947215e+00
   5.5815015e+00
   6.2799667e+00
   5.2967173e+00
   4.8852135e+00
   3.9243157e+00
   4.2639938e+00
   3.7403381e+00
   4.6517988e+00
   5.0699261e+00
   5.0058801e+00
   4.9194709e+00
   5.7748485e+00
   4.8698831e+00
   4.2676448e+00
   3.1608639e+00
   2.2446705e+00
   2.7411748e+00
   2.3407069e+00
   2.6914268e+00
   3.5578946e+00
   5.0185304e+00
   5.2571342e+00
   5.4845261e+00
   6.7209062e+00
   5.7597744e+00
   5.9534310e+00
   4.4540760e+00
   4.0422698e+00
   3.0250223e+00
   2.9495538e+00
   3.4234743e+00
   3.4488941e+00
   3.9003733e+00
   4.3854619e+00
   4.9378398e+00
   3.4720072e+00
   3.9907140e+00
   3.9712302e+00
   4.2320260e+00
   2.6316314e+00
   3.1166564e+00
   2.2562312e+00
   2.9430456e+00
   3.4280398e+00
   3.3299937e+00
   3.7140574e+00
   3.6832709e+00
   4.7960441e+00
   4.7876570e+00
   5.8556597e+00
   6.1387525e+00
   6.8703354e+00
   7.9831088e+00
   8.1540725e+00
   6.4302268e+00
   7.5765717e+00
   6.2451074e+00
   5.6199338e+00
   4.7705513e+00
   4.6723598e+00
   3.7669193e+00
   4.0275001e+00
   2.9538423e+00
   4.3131861e+00
   4.1925316e+00
   3.9933788e+00
   3.9175575e+00
   3.5277879e+00
   3.3398298e+00
   4.0376132e+00
   4.4438682e+00
   3.9083146e+00
   4.4714924e+00
   3.3080716e+00
   3.8488425e+00
   2.6853850e+00
   2.3628093e+00
   1.9393254e+00
   2.2109733e+00
   1.6304932e+00
   2.1039451e+00
   1.4673989e+00
   1.6268946e+00
   1.5285022e+00
   1.3852615e+00
   2.9350126e+00
   2.3320657e+00
   2.3569808e+00
   3.7273179e+00
   3.6737270e+00
   2.6558979e+00
   2.8825905e+00
   2.5150450e+00
   3.8965611e+00
   3.5402088e+00
   3.7892879e+00
   4.0271581e+00
   5.0610698e+00
   4.7831535e+00
   5.5928293e+00
   6.2566977e+00
   5.8890589e+00
   7.5844128e+00
   6.4207599e+00
   6.7819003e+00
   5.6854343e+00
   4.9926620e+00
   4.9949835e+00
   4.2797991e+00
   3.9008689e+00
   2.8044134e+00
   3.0533928e+00
   1.9681375e+00
   2.3067974e+00
   1.8830325e+00
   2.2777528e+00
   2.5827583e+00
   2.6074691e+00
   1.9482354e+00
   2.4214170e+00
   2.9842842e+00
   2.9977569e+00
   3.4036554e+00
   3.4171198e+00
   3.2848303e+00
   2.7713270e+00
   2.9193299e+00
   1.8452190e+00
   1.3989745e+00
   1.8833265e+00
   1.5828353e+00
   1.4953610e+00
   1.0827438e+00
   1.8025340e+00
   1.8496017e+00
   1.8181873e+00
   1.8876711e+00
   2.0356430e+00
   2.0042130e+00
   1.8718812e+00
   1.3022776e+00
   2.0108425e+00
   1.7215358e+00
   1.9928274e+00
   1.5353375e+00
   1.6608663e+00
   2.3582142e+00
   2.4164716e+00
   2.7662388e+00
   3.1048059e+00
   4.8896930e+00
   4.3761802e+00
   4.7931677e+00
   5.2999558e+00
   5.4142450e+00
   5.8985354e+00
   5.0486271e+00
   5.2975206e+00
   4.8512163e+00
   4.6853147e+00
   4.1157163e+00
   3.8824207e+00
   3.4362074e+00
   3.2926663e+00
   3.5639768e+00
   4.3061590e+00
   4.1290727e+00
   5.2412876e+00
   5.3219034e+00
   6.0193201e+00
   7.0867377e+00
   5.8892562e+00
   5.9811755e+00
   5.4788955e+00
   6.2883158e+00
   5.7636363e+00
   5.6649568e+00
   6.0371772e+00
   6.1851976e+00
   5.8510181e+00
   5.1469385e+00
   5.9564589e+00
   5.6222793e+00
   6.0953998e+00
   5.3016204e+00
   5.7635409e+00
   5.6424611e+00
   5.3979808e+00
   5.8262999e+00
   5.7052182e+00
   5.3150357e+00
   5.3620520e+00
   6.8666670e+00
   5.7701808e+00
   6.7365936e+00
   7.1873053e+00
   8.1650161e+00
   8.5147260e+00
   8.6291348e+00
   8.2949428e+00
   8.2074497e+00
   8.9272558e+00
   9.4676609e+00
   9.8847652e+00
   8.3620686e+00
   9.7097712e+00
   9.5101731e+00
   8.6714744e+00
   8.8754753e+00
   8.8216756e+00
   9.8217750e+00
   8.7812735e+00
   8.5255708e+00
   8.5277669e+00
   1.0234162e+01
   1.0931555e+01
   1.1640147e+01
   1.3256838e+01
   1.3797227e+01
   1.5077614e+01
   1.4687400e+01
   1.4521383e+01
   1.3985365e+01
   1.3146645e+01
   1.2745223e+01
   1.1671098e+01
   1.2211471e+01
   1.2011843e+01
   1.0130412e+01
   9.2916803e+00
   8.0829465e+00
   7.8160110e+00
   7.5154742e+00
   7.3158358e+00
   6.8022958e+00
   6.5129543e+00
   7.1878112e+00
   6.8311665e+00
   7.8873204e+00
   7.5979727e+00
   7.3198235e+00
   7.3892729e+00
   6.4608209e+00
   6.0705676e+00
   5.5569130e+00
   5.8169572e+00
   5.4155001e+00
   4.8122418e+00
   4.9264822e+00
   5.2425214e+00
   5.9398596e+00
   6.2895969e+00
   6.7850332e+00
   6.9553687e+00
   7.1706035e+00
   8.1369378e+00
   7.8139717e+00
   7.6479051e+00
   6.3943377e+00
   7.3270696e+00
   7.0265005e+00
   6.8155304e+00
   6.6271592e+00
   6.3937869e+00
   6.7883132e+00
   7.0932382e+00
   7.3868619e+00
   8.1625842e+00
   7.1332053e+00
   8.1557251e+00
   8.1690433e+00
   9.0568601e+00
   8.8347753e+00
   8.2538889e+00
   9.0408010e+00
   8.1348113e+00
   7.6436200e+00
   7.7690270e+00
   7.2890324e+00
   7.8517361e+00
   7.3941382e+00
   8.4165386e+00
   8.7999371e+00
   7.7481337e+00
   8.3556284e+00
   7.7747210e+00
   8.1580115e+00
   7.9470997e+00
   7.2315854e+00
   6.5834689e+00
   6.3949504e+00
   7.0585298e+00
   7.0045075e+00
   7.2981833e+00
   7.1768575e+00
   7.7956300e+00
   8.3023009e+00
   9.2349705e+00
   9.0352386e+00
   9.4746054e+00
   9.1963709e+00
   9.1760352e+00
   9.7161984e+00
   1.0054661e+01
   8.1507225e+00
   8.0406833e+00
   8.9172433e+00
   7.6636024e+00
   7.0938607e+00
   7.8247181e+00
   7.5464746e+00
   8.2661303e+00
   7.4496850e+00
   8.6850390e+00
   9.5392922e+00
   9.2834447e+00
   1.0563697e+01
   1.3682648e+01
   1.4525598e+01
   1.3541048e+01
   1.3206698e+01
   1.1773647e+01
   1.0811495e+01
   1.0914443e+01
   1.0053191e+01
   9.3265385e+00
   9.8778860e+00
   7.9851335e+00
   9.3438812e+00
   9.5029290e+00
   1.0659777e+01
   9.7200251e+00
   1.0686373e+01
   1.1260222e+01
   1.1262271e+01
   1.0692520e+01
   1.2768769e+01
   1.1503919e+01
   1.2156269e+01
   1.3189819e+01
   1.2474371e+01
   1.2487624e+01
   1.2814777e+01
   1.1953532e+01
   1.2011687e+01
   1.0735644e+01
   1.0625502e+01
   8.5645610e+00
   9.3627220e+00
   8.1763847e+00
   8.8959492e+00
   8.0796159e+00
   7.5546850e+00
   8.8910563e+00
   8.2652295e+00
   7.9646046e+00
   8.1684814e+00
   7.7557598e+00
   7.4551399e+00
   7.4235215e+00
   6.7866045e+00
   6.1495888e+00
   7.2168745e+00
   8.4746616e+00
   7.2770500e+00
   8.5685395e+00
   6.4179302e+00
   6.8237219e+00
   6.8034144e+00
   7.2203078e+00
   7.0430022e+00
   7.8523976e+00
   7.0808941e+00
   8.0696917e+00
   9.3723905e+00
   8.7129904e+00
   9.2756915e+00
   9.0198939e+00
   8.8874974e+00
   7.8469019e+00
   8.6899075e+00
   8.2996142e+00
   8.6044219e+00
   8.9878307e+00
   7.8462405e+00
   8.0277513e+00
   8.4559632e+00
   8.5926761e+00
   8.8638900e+00
   8.8884048e+00
   9.2829207e+00
   8.9375374e+00
   8.3790549e+00
   7.8541732e+00
   7.7666926e+00
   7.6006130e+00
   7.4569344e+00
   7.8739568e+00
   8.1115804e+00
   1.0344905e+01
   1.0963631e+01
   1.2075759e+01
   1.2425487e+01
   1.1530717e+01
   1.2530647e+01
   1.1478878e+01
   1.1413810e+01
   1.0720742e+01
   1.1373176e+01
   1.0063610e+01
   1.1556945e+01
   1.1682380e+01
   1.3153316e+01
   1.1877252e+01
   1.1901888e+01
   1.1904025e+01
   1.0224361e+01
   1.1336497e+01
   9.1747343e+00
   8.1117718e+00
   8.8651101e+00
   7.6002495e+00
   8.5554900e+00
   8.3109318e+00
   6.9676753e+00
   7.4071205e+00
   8.5304674e+00
   8.1402161e+00
   8.3105666e+00
   9.0863191e+00
   9.1893738e+00
   9.9652309e+00
   9.5076904e+00
   9.5771524e+00
   9.1981172e+00
   9.8841847e+00
   9.8415551e+00
   8.0610285e+00
   8.8032050e+00
   8.5923846e+00
   8.5272673e+00
   8.6415534e+00
   9.9443431e+00
   1.1404137e+01
   1.1103634e+01
   1.0937635e+01
   1.0188641e+01
   9.6527515e+00
   9.8455666e+00
   9.9038865e+00
   9.6706110e+00
   9.4598402e+00
   9.8096739e+00
   9.6886122e+00
   1.1013855e+01
   9.9173026e+00
   1.1365955e+01
   1.1345812e+01
   1.0843573e+01
   1.0453439e+01
   1.1083510e+01
   1.0357087e+01
   1.0157567e+01
   1.1146453e+01
   1.0330344e+01
   1.0893239e+01
   1.1837340e+01
   1.1099646e+01
   1.2111057e+01
   1.3884874e+01
   1.4346895e+01
   1.4640723e+01
   1.3645256e+01
   1.3849395e+01
   1.4053540e+01
   1.2688090e+01
   1.3150146e+01
   1.3141308e+01
   1.2605476e+01
   1.4278449e+01
   1.3619329e+01
   1.2478114e+01
   1.2592706e+01
   1.4232004e+01
   1.3023509e+01
   1.2913820e+01
   1.4665338e+01
   1.3782063e+01
   1.3705994e+01
   1.3540233e+01
   1.3598779e+01
   1.4655133e+01
   1.3749494e+01
   1.3415562e+01
   1.4539339e+01
   1.3375723e+01
   1.3389416e+01
   1.2001717e+01
   1.2217227e+01
   1.2567344e+01
   1.1538370e+01
   1.2112704e+01
   1.2743147e+01
   1.1276898e+01
   1.2411958e+01
   1.2066926e+01
   1.2439503e+01
   1.2587888e+01
   1.3577182e+01
   1.3052786e+01
   1.3111498e+01
   1.4414718e+01
   1.2970948e+01
   1.2928787e+01
   1.2426934e+01
   1.4447692e+01
   1.4170159e+01
   1.4284936e+01
   1.5722723e+01
   1.5770320e+01
   1.5660928e+01
   1.4632146e+01
   1.4814276e+01
   1.3639816e+01
   1.4023766e+01
   1.3174428e+01
   1.2739900e+01
   1.3392984e+01
   1.3541579e+01
   1.1985885e+01
   1.3805103e+01
   1.2496132e+01
   1.2835374e+01
   1.3510928e+01
   1.2134694e+01
   1.1700373e+01
   1.2129364e+01
   1.1919168e+01
   1.2942386e+01
   1.2732316e+01
   1.3251060e+01
   1.4050118e+01
   1.4658491e+01
   1.5625777e+01
   1.5370879e+01
   1.5990596e+01
   1.6677526e+01
   1.6433971e+01
   1.5035530e+01
   1.4578903e+01
   1.3976590e+01
   1.4910290e+01
   1.4094903e+01
   1.5163230e+01
   1.4527270e+01
   1.5371323e+01
   1.5172690e+01
   1.5344070e+01
   1.5313663e+01
   1.4150769e+01
   1.4916388e+01
   1.3574219e+01
   1.4261464e+01
   1.4959821e+01
   1.6140391e+01
   1.5964274e+01
   1.5642469e+01
   1.5443978e+01
   1.5940599e+01
   1.5585133e+01
   1.5947280e+01
   1.5076140e+01
   1.4104111e+01
   1.4230795e+01
   1.5187291e+01
   1.3946099e+01
   1.3669219e+01
   1.3403651e+01
   1.4517094e+01
   1.3477850e+01
   1.4187619e+01
   1.3697799e+01
   1.3297693e+01
   1.4332698e+01
   1.3719617e+01
   1.3162547e+01
   1.4006991e+01
   1.3539647e+01
   1.4406516e+01
   1.4600798e+01
   1.4357693e+01
   1.4462201e+01
   1.5452522e+01
   1.5489757e+01
   1.7399504e+01
   1.5205564e+01
   1.7776838e+01
   1.7141424e+01
   1.6887323e+01
   1.7204935e+01
   1.7623559e+01
   1.7425497e+01
   1.7933747e+01
   1.6266911e+01
   1.6842587e+01
   1.5366376e+01
   1.6278378e+01
   1.7100693e+01
   1.6824221e+01
   1.7545662e+01
   1.6035916e+01
   1.7250683e+01
   1.6178162e+01
   1.5206655e+01
   1.4874161e+01
   1.4732379e+01
   1.4725111e+01
   1.5996056e+01
   1.4531214e+01
   1.4972485e+01
   1.5615569e+01
   1.5698066e+01
   1.5444176e+01
   1.6816098e+01
   1.5407433e+01
   1.5938481e+01
   1.5864042e+01
   1.5677516e+01
   1.6376803e+01
   1.3914203e+01
   1.4961117e+01
   1.4527944e+01
   1.5059084e+01
   1.5052038e+01
   1.6031605e+01
   1.6103086e+01
   1.5008581e+01
   1.4900589e+01
   1.4299412e+01
   1.4752149e+01
   1.4879700e+01
   1.5399766e+01
   1.5471345e+01
   1.5688638e+01
   1.6556345e+01
   1.6224266e+01
   1.6856500e+01
   1.6916947e+01
   1.6484008e+01
   1.7239581e+01
   1.5618268e+01
   1.5779667e+01
   1.6277381e+01
   1.5340007e+01
   1.5064146e+01
   1.4911699e+01
   1.6003765e+01
   1.4651544e+01
   1.5407236e+01
   1.5153940e+01
   1.5842357e+01
   1.6261787e+01
   1.4528430e+01
   1.4331185e+01
   1.4604853e+01
   1.4665533e+01
   1.3526526e+01
   1.4069331e+01
   1.4017848e+01
   1.4930676e+01
   1.3948716e+01
   1.4513968e+01
   1.4563430e+01
   1.5218404e+01
   1.4079489e+01
   1.4162686e+01
   1.3887097e+01
   1.3656420e+01
   1.3683555e+01
   1.4237705e+01
   1.3984668e+01
   1.3753944e+01
   1.3287835e+01
   1.3270240e+01
   1.4071160e+01
   1.3324794e+01
   1.2387843e+01
   1.2415107e+01
   1.1960387e+01
   1.2167083e+01
   1.1633795e+01
   1.2535722e+01
   1.1890366e+01
   1.1615025e+01
   1.1339700e+01
   1.1636291e+01
   1.2011299e+01
   1.0715722e+01
   1.0810462e+01
   1.1107019e+01
   1.0753393e+01
   1.0287584e+01
   1.1582092e+01
   1.0735117e+01
   1.1749260e+01
   1.0465121e+01
   1.0873899e+01
   1.1170596e+01
   1.1018911e+01
   1.1416544e+01
   1.1791795e+01
   1.0788066e+01
   1.2306956e+01
   1.2233764e+01
   1.1779392e+01
   1.1582940e+01
   1.0915606e+01
   1.2367392e+01
   1.2428898e+01
   1.2647323e+01
   1.2764868e+01
   1.2848832e+01
   1.2058317e+01
   9.8999228e+00
   1.0836049e+01
   1.0572497e+01
   1.0331466e+01
   9.7988565e+00
   9.9390687e+00
   1.0729503e+01
   1.1206060e+01
   9.8102389e+00
   1.0443841e+01
   1.0258966e+01
   1.0690815e+01
   1.0438689e+01
   1.1195787e+01
   1.1134309e+01
   1.0747755e+01
   1.1022725e+01
   1.1634019e+01
   1.1303636e+01
   1.1533777e+01
   1.1741642e+01
   1.0660029e+01
   1.1215440e+01
   1.2073574e+01
   1.1384531e+01
   1.1200012e+01
   1.0600715e+01
   1.0405042e+01
   1.1521192e+01
   1.2368264e+01
   1.1096259e+01
   1.1248277e+01
   1.0110919e+01
   1.0318983e+01
   9.4395709e+00
   9.8494820e+00
   1.0214617e+01
   9.5706750e+00
   1.0631057e+01
   9.8638622e+00
   1.0072091e+01
   9.3049432e+00
   9.5805188e+00
   9.6879178e+00
   1.0075640e+01
   9.0955859e+00
   8.8218551e+00
   9.7926477e+00
   9.7544641e+00
   8.3708042e+00
   9.0165680e+00
   9.0793556e+00
   8.6487669e+00
   8.4649019e+00
   8.6398609e+00
   8.2991439e+00
   9.0122511e+00
   9.6245826e+00
   8.0057385e+00
   7.8332190e+00
   7.9186244e+00
   8.0376548e+00
   7.5401101e+00
   8.9597902e+00
   7.2849949e+00
   7.9423239e+00
   8.9136773e+00
   8.4610553e+00
   8.7372578e+00
   8.2174848e+00
   8.1573361e+00
   9.4202117e+00
   8.4408116e+00
   9.1768359e+00
   8.1525844e+00
   9.7968568e+00
   9.6807530e+00
   9.2620727e+00
   9.3591164e+00
   9.0973845e+00
   8.8693774e+00
   9.5382954e+00
   9.0636388e+00
   9.3402079e+00
   9.2468030e+00
   8.4246246e+00
   8.3873728e+00
   7.1280475e+00
   8.5707490e+00
   8.0962772e+00
   7.4873325e+00
   8.2574151e+00
   9.2854251e+00
   8.3961628e+00
   7.9667284e+00
   7.9745221e+00
   6.7041443e+00
   7.6874953e+00
   7.1796752e+00
   7.5911841e+00
   6.8255222e+00
   6.7325895e+00
   7.5029865e+00
   7.1747136e+00
   7.3845712e+00
   7.2693593e+00
   8.0847786e+00
   6.2877294e+00
   7.7199122e+00
   6.4723275e+00
   6.6263751e+00
   7.3858547e+00
   7.8090662e+00
   7.1671094e+00
   7.6799844e+00
   7.3520911e+00
   8.0108293e+00
   7.3913989e+00
   8.1175000e+00
   7.5766328e+00
   7.3273974e+00
   7.7171940e+00
   9.0713225e+00
   6.8150829e+00
   7.2610752e+00
   8.0770993e+00
   7.1104554e+00
   7.2201437e+00
   5.8274639e+00
   6.5090163e+00
   6.4955009e+00
   6.7959179e+00
   7.1076675e+00
   6.4887501e+00
   6.8453654e+00
   7.1459131e+00
   6.0113933e+00
   6.9735060e+00
   5.9063511e+00
   6.2967284e+00
   6.8665378e+00
   6.4609790e+00
   5.6069525e+00
   5.7171589e+00
   5.6479987e+00
   6.0274723e+00
   7.5280799e+00
   6.9208217e+00
   6.2799981e+00
   6.8726093e+00
   5.9739557e+00
   5.8153377e+00
   5.8586556e+00
   5.5768095e+00
   6.3265000e+00
   5.6186275e+00
   5.2584928e+00
   6.1427963e+00
   6.7805379e+00
   6.1513174e+00
   5.4661347e+00
   5.8684896e+00
   6.2596823e+00
   5.6194130e+00
   6.5152817e+00
   5.7405884e+00
   5.4368331e+00
   6.0636160e+00
   5.7711373e+00
   5.0189973e+00
   5.2310958e+00
   5.4769327e+00
   5.3976079e+00
   5.2623212e+00
   5.3063734e+00
   5.7317649e+00
   5.3498962e+00
   6.2573676e+00
   5.4271797e+00
   5.8862330e+00
   6.1436280e+00
   5.8516655e+00
   5.2570454e+00
   5.6714675e+00
   5.6487320e+00
   5.0317390e+00
   6.1751885e+00
   4.6612809e+00
   5.8384160e+00
   5.9391938e+00
   6.2418149e+00
   5.9390801e+00
   5.9726899e+00
   6.1185453e+00
   6.1747463e+00
   6.9708929e+00
   6.3319853e+00
   5.9174237e+00
   6.4446089e+00
   6.7365418e+00
   6.1987226e+00
   5.9188518e+00
   5.5269302e+00
   5.6619586e+00
   5.0346383e+00
   5.3380702e+00
   5.8993533e+00
   5.1600864e+00
   5.4411688e+00
   4.3319994e+00
   4.7813780e+00
   4.1095043e+00
   5.2429773e+00
   4.8514962e+00
   5.2337610e+00
   5.2348713e+00
   4.8660272e+00
   4.5645285e+00
   4.5097744e+00
   5.3855643e+00
   4.8935974e+00
   4.5921731e+00
   4.8402914e+00
   5.1781525e+00
   4.4059560e+00
   4.5197019e+00
   4.5436900e+00
   4.7135203e+00
   4.4348929e+00
   4.3132079e+00
   4.0458645e+00
   4.8325622e+00
   4.4644004e+00
   5.0492787e+00
   5.0287967e+00
   5.1540539e+00
   4.2703499e+00
   4.6423839e+00
   4.2968561e+00
   3.8841667e+00
   4.3572156e+00
   4.4827030e+00
   4.2158287e+00
   4.3077923e+00
   3.9961939e+00
   4.2788331e+00
   4.5054101e+00
   3.8127249e+00
   3.6469772e+00
   5.4769669e+00
   3.6855942e+00
   4.3608591e+00
   4.9689618e+00
   5.4201024e+00
   5.0078805e+00
   4.1472954e+00
   4.2733465e+00
   4.6349333e+00
   4.5144556e+00
   5.4142131e+00
   5.0023055e+00
   4.8706324e+00
   3.6402935e+00
   4.8093883e+00
   4.7115167e+00
   4.3333785e+00
   4.8857732e+00
   4.1714003e+00
   4.2866592e+00
   4.7719493e+00
   3.8333710e+00
   4.0833244e+00
   4.0081097e+00
   4.3253270e+00
   4.5977764e+00
   4.8478577e+00
   3.5954713e+00
   3.6774174e+00
   4.8357958e+00
   4.9738061e+00
   3.6991483e+00
   4.7006221e+00
   3.9978276e+00
   3.9566649e+00
   4.2182338e+00
   4.0761342e+00
   4.3937662e+00
   3.8145297e+00
   4.3117248e+00
   4.3379515e+00
   4.1624096e+00
   4.8613991e+00
   4.7981197e+00
   4.3871712e+00
   4.2678539e+00
   4.0588679e+00
   3.9059133e+00
   3.7417900e+00
   3.7346982e+00
   4.1200380e+00
   2.7227098e+00
   3.8705136e+00
   3.7514491e+00
   4.5966157e+00
   4.3206130e+00
   3.8540406e+00
   3.0174982e+00
   4.3112857e+00
   3.6654025e+00
   3.9837482e+00
   4.4479228e+00
   4.3515260e+00
   3.8515578e+00
   3.6430181e+00
   3.7710065e+00
   4.4259227e+00
   4.0492665e+00
   3.7064375e+00
   3.6326356e+00
   3.5700607e+00
   3.5075125e+00
   3.2880909e+00
   4.1337957e+00
   3.1856268e+00
   2.9213841e+00
   2.5226678e+00
   3.8505772e+00
   3.7546121e+00
   2.2907722e+00
   3.8430572e+00
   3.2089669e+00
   3.3822008e+00
   3.6562587e+00
   2.5626401e+00
   3.1619451e+00
   2.8082740e+00
   2.8695268e+00
   3.5810038e+00
   3.5750048e+00
   3.8605297e+00
   3.4397787e+00
   3.6356518e+00
   2.4076490e+00
   2.7716702e+00
   3.8982155e+00
   3.2869847e+00
   3.6735781e+00
   4.4189956e+00
   3.1126375e+00
   3.4656039e+00
   3.7738946e+00
   3.9588092e+00
   3.7176477e+00
   3.8577098e+00
   3.6614954e+00
   4.3174043e+00
   3.7176366e+00
   3.3868918e+00
   3.2580701e+00
   3.7346713e+00
   2.8209954e+00
   2.8715425e+00
   4.0434123e+00
   2.5804047e+00
   3.5729195e+00
   3.8253567e+00
   3.6518162e+00
   3.1643982e+00
   3.8206025e+00
   3.1201293e+00
   3.0476786e+00
   3.9505504e+00
   2.2523448e+00
   3.3347619e+00
   2.8138016e+00
   2.5956636e+00
   2.7026480e+00
   2.4844545e+00
   2.6251831e+00
   3.2255338e+00
   3.6129063e+00
   2.7670006e+00
   3.5917166e+00
   1.8488547e+00
   2.7521149e+00
   3.3413975e+00
   2.5741023e+00
   2.7597292e+00
   2.4073782e+00
   3.1649492e+00
   3.4628425e+00
   2.9198583e+00
   2.8365965e+00
   3.0112571e+00
   2.7037405e+00
   2.7215468e+00
   2.7055763e+00
   3.5530294e+00
   2.6178055e+00
   2.6132040e+00
   2.5189245e+00
   2.4470667e+00
   2.4089301e+00
   2.7183148e+00
   2.8820201e+00
   2.8102458e+00
   3.3550917e+00
   2.7116575e+00
   2.3147430e+00
   3.0839482e+00
   2.3283725e+00
   2.7725157e+00
   2.3644771e+00
   2.1807565e+00
   2.4679538e+00
   3.0242691e+00
   2.8855022e+00
   3.2624533e+00
   2.7760220e+00
   2.9736084e+00
   3.2049123e+00
   2.6513338e+00
   2.8489725e+00
   1.7348283e+00
   2.3586009e+00
   2.5113900e+00
   2.1372956e+00
   2.3686174e+00
   3.1494554e+00
   2.8314094e+00
   2.1434791e+00
   3.2045644e+00
   2.6511651e+00
   3.0171810e+00
   2.7217119e+00
   2.3140574e+00
   2.6689174e+00
   2.6312914e+00
   2.7395794e+00
   2.9934816e+00
   2.8774977e+00
   3.4230277e+00
   3.3181714e+00
   2.1371289e+00
   2.2454001e+00
   2.5106852e+00
   2.7422836e+00
   2.8729949e+00
   1.8713187e+00
   1.3630546e+00
   2.7047023e+00
   2.4767619e+00
   2.4617330e+00
   2.4580155e+00
   2.1067090e+00
   3.5606131e+00
   2.2787274e+00
   2.2077520e+00
   3.0449861e+00
   2.7610294e+00
   2.6003813e+00
   2.8322412e+00
   2.0437095e+00
   2.0288868e+00
   2.5521732e+00
   2.7840692e+00
   2.3880749e+00
   2.8777902e+00
   3.5581157e+00
   2.2763517e+00
   2.9342980e+00
   2.6280547e+00
   3.0954218e+00
   2.1499991e+00
   2.4155870e+00
   2.9502858e+00
   2.7224955e+00
   2.2817164e+00
   2.9173485e+00
   2.6111917e+00
   2.4059461e+00
   1.7970117e+00
   2.0514885e+00
   3.0234765e+00
   2.7621755e+00
   2.6017854e+00
   1.8696066e+00
   2.9874392e+00
   2.2664835e+00
   2.2407396e+00
   2.5065077e+00
   2.2564880e+00
   2.6231806e+00
   2.4292859e+00
   3.5359036e+00
   3.0169336e+00
   3.3836757e+00
   2.4049297e+00
   3.1528956e+00
   2.1517734e+00
   2.3503630e+00
   2.7620643e+00
   2.9830773e+00
   3.3387018e+00
   1.8443379e+00
   2.2335856e+00
   2.8582447e+00
   2.8439151e+00
   3.6479967e+00
   2.0527891e+00
   2.7111927e+00
   2.3269075e+00
   2.2005337e+00
   2.7355714e+00
   2.1831206e+00
   3.3236813e+00
   2.4012537e+00
   2.2301378e+00
   2.9110337e+00
   2.0334413e+00
   2.1537607e+00
   2.4198917e+00
   2.9327345e+00
   2.5709891e+00
   2.3101556e+00
   2.6659341e+00
   3.1564244e+00
   2.8171266e+00
   2.2760406e+00
   2.2507664e+00
   2.2254038e+00
   2.9625530e+00
   1.5134137e+00
   2.8671859e+00
   2.8755696e+00
   3.6239650e+00
   2.5111720e+00
   2.2840907e+00
   2.2701211e+00
   2.1776631e+00
   2.2982170e+00
   3.0690827e+00
   2.5618600e+00
   2.2900490e+00
   2.7806495e+00
   1.4885613e+00
   3.1115844e+00
   2.5707189e+00
   3.1847646e+00
   2.3524217e+00
   2.5403900e+00
   2.8740692e+00
   2.4117595e+00
   2.6446607e+00
   3.3483727e+00
   2.4712953e+00
   3.2199284e+00
   2.8024717e+00
   2.5420254e+00
   2.6852898e+00
   2.5257651e+00
   3.3304513e+00
   3.7988486e+00
   2.1594570e+00
   2.9081768e+00
   2.0087082e+00
   3.0489511e+00
   2.4186055e+00
   3.3691713e+00
   2.4025485e+00
   2.9719372e+00
   3.5188374e+00
