   1.0005000e+01
   1.0015000e+01
   1.0025000e+01
   1.0035000e+01
   1.0045000e+01
   1.0055000e+01
   1.0065000e+01
   1.0075000e+01
   1.0085000e+01
   1.0095000e+01
   1.0105000e+01
   1.0115000e+01
   1.0125000e+01
   1.0135000e+01
   1.0145000e+01
   1.0155000e+01
   1.0165000e+01
   1.0175000e+01
   1.0185000e+01
   1.0195000e+01
   1.0205000e+01
   1.0215000e+01
   1.0225000e+01
   1.0235000e+01
   1.0245000e+01
   1.0255000e+01
   1.0265000e+01
   1.0275000e+01
   1.0285000e+01
   1.0295000e+01
   1.0305000e+01
   1.0315000e+01
   1.0325000e+01
   1.0335000e+01
   1.0345000e+01
   1.0355000e+01
   1.0365000e+01
   1.0375000e+01
   1.0385000e+01
   1.0395000e+01
   1.0405000e+01
   1.0415000e+01
   1.0425000e+01
   1.0435000e+01
   1.0445000e+01
   1.0455000e+01
   1.0465000e+01
   1.0475000e+01
   1.0485000e+01
   1.0495000e+01
   1.0505000e+01
   1.0515000e+01
   1.0525000e+01
   1.0535000e+01
   1.0545000e+01
   1.0555000e+01
   1.0565000e+01
   1.0575000e+01
   1.0585000e+01
   1.0595000e+01
   1.0605000e+01
   1.0615000e+01
   1.0625000e+01
   1.0635000e+01
   1.0645000e+01
   1.0655000e+01
   1.0665000e+01
   1.0675000e+01
   1.0685000e+01
   1.0695000e+01
   1.0705000e+01
   1.0715000e+01
   1.0725000e+01
   1.0735000e+01
   1.0745000e+01
   1.0755000e+01
   1.0765000e+01
   1.0775000e+01
   1.0785000e+01
   1.0795000e+01
   1.0805000e+01
   1.0815000e+01
   1.0825000e+01
   1.0835000e+01
   1.0845000e+01
   1.0855000e+01
   1.0865000e+01
   1.0875000e+01
   1.0885000e+01
   1.0895000e+01
   1.0905000e+01
   1.0915000e+01
   1.0925000e+01
   1.0935000e+01
   1.0945000e+01
   1.0955000e+01
   1.0965000e+01
   1.0975000e+01
   1.0985000e+01
   1.0995000e+01
   1.1005000e+01
   1.1015000e+01
   1.1025000e+01
   1.1035000e+01
   1.1045000e+01
   1.1055000e+01
   1.1065000e+01
   1.1075000e+01
   1.1085000e+01
   1.1095000e+01
   1.1105000e+01
   1.1115000e+01
   1.1125000e+01
   1.1135000e+01
   1.1145000e+01
   1.1155000e+01
   1.1165000e+01
   1.1175000e+01
   1.1185000e+01
   1.1195000e+01
   1.1205000e+01
   1.1215000e+01
   1.1225000e+01
   1.1235000e+01
   1.1245000e+01
   1.1255000e+01
   1.1265000e+01
   1.1275000e+01
   1.1285000e+01
   1.1295000e+01
   1.1305000e+01
   1.1315000e+01
   1.1325000e+01
   1.1335000e+01
   1.1345000e+01
   1.1355000e+01
   1.1365000e+01
   1.1375000e+01
   1.1385000e+01
   1.1395000e+01
   1.1405000e+01
   1.1415000e+01
   1.1425000e+01
   1.1435000e+01
   1.1445000e+01
   1.1455000e+01
   1.1465000e+01
   1.1475000e+01
   1.1485000e+01
   1.1495000e+01
   1.1505000e+01
   1.1515000e+01
   1.1525000e+01
   1.1535000e+01
   1.1545000e+01
   1.1555000e+01
   1.1565000e+01
   1.1575000e+01
   1.1585000e+01
   1.1595000e+01
   1.1605000e+01
   1.1615000e+01
   1.1625000e+01
   1.1635000e+01
   1.1645000e+01
   1.1655000e+01
   1.1665000e+01
   1.1675000e+01
   1.1685000e+01
   1.1695000e+01
   1.1705000e+01
   1.1715000e+01
   1.1725000e+01
   1.1735000e+01
   1.1745000e+01
   1.1755000e+01
   1.1765000e+01
   1.1775000e+01
   1.1785000e+01
   1.1795000e+01
   1.1805000e+01
   1.1815000e+01
   1.1825000e+01
   1.1835000e+01
   1.1845000e+01
   1.1855000e+01
   1.1865000e+01
   1.1875000e+01
   1.1885000e+01
   1.1895000e+01
   1.1905000e+01
   1.1915000e+01
   1.1925000e+01
   1.1935000e+01
   1.1945000e+01
   1.1955000e+01
   1.1965000e+01
   1.1975000e+01
   1.1985000e+01
   1.1995000e+01
   1.2005000e+01
   1.2015000e+01
   1.2025000e+01
   1.2035000e+01
   1.2045000e+01
   1.2055000e+01
   1.2065000e+01
   1.2075000e+01
   1.2085000e+01
   1.2095000e+01
   1.2105000e+01
   1.2115000e+01
   1.2125000e+01
   1.2135000e+01
   1.2145000e+01
   1.2155000e+01
   1.2165000e+01
   1.2175000e+01
   1.2185000e+01
   1.2195000e+01
   1.2205000e+01
   1.2215000e+01
   1.2225000e+01
   1.2235000e+01
   1.2245000e+01
   1.2255000e+01
   1.2265000e+01
   1.2275000e+01
   1.2285000e+01
   1.2295000e+01
   1.2305000e+01
   1.2315000e+01
   1.2325000e+01
   1.2335000e+01
   1.2345000e+01
   1.2355000e+01
   1.2365000e+01
   1.2375000e+01
   1.2385000e+01
   1.2395000e+01
   1.2405000e+01
   1.2415000e+01
   1.2425000e+01
   1.2435000e+01
   1.2445000e+01
   1.2455000e+01
   1.2465000e+01
   1.2475000e+01
   1.2485000e+01
   1.2495000e+01
   1.2505000e+01
   1.2515000e+01
   1.2525000e+01
   1.2535000e+01
   1.2545000e+01
   1.2555000e+01
   1.2565000e+01
   1.2575000e+01
   1.2585000e+01
   1.2595000e+01
   1.2605000e+01
   1.2615000e+01
   1.2625000e+01
   1.2635000e+01
   1.2645000e+01
   1.2655000e+01
   1.2665000e+01
   1.2675000e+01
   1.2685000e+01
   1.2695000e+01
   1.2705000e+01
   1.2715000e+01
   1.2725000e+01
   1.2735000e+01
   1.2745000e+01
   1.2755000e+01
   1.2765000e+01
   1.2775000e+01
   1.2785000e+01
   1.2795000e+01
   1.2805000e+01
   1.2815000e+01
   1.2825000e+01
   1.2835000e+01
   1.2845000e+01
   1.2855000e+01
   1.2865000e+01
   1.2875000e+01
   1.2885000e+01
   1.2895000e+01
   1.2905000e+01
   1.2915000e+01
   1.2925000e+01
   1.2935000e+01
   1.2945000e+01
   1.2955000e+01
   1.2965000e+01
   1.2975000e+01
   1.2985000e+01
   1.2995000e+01
   1.3005000e+01
   1.3015000e+01
   1.3025000e+01
   1.3035000e+01
   1.3045000e+01
   1.3055000e+01
   1.3065000e+01
   1.3075000e+01
   1.3085000e+01
   1.3095000e+01
   1.3105000e+01
   1.3115000e+01
   1.3125000e+01
   1.3135000e+01
   1.3145000e+01
   1.3155000e+01
   1.3165000e+01
   1.3175000e+01
   1.3185000e+01
   1.3195000e+01
   1.3205000e+01
   1.3215000e+01
   1.3225000e+01
   1.3235000e+01
   1.3245000e+01
   1.3255000e+01
   1.3265000e+01
   1.3275000e+01
   1.3285000e+01
   1.3295000e+01
   1.3305000e+01
   1.3315000e+01
   1.3325000e+01
   1.3335000e+01
   1.3345000e+01
   1.3355000e+01
   1.3365000e+01
   1.3375000e+01
   1.3385000e+01
   1.3395000e+01
   1.3405000e+01
   1.3415000e+01
   1.3425000e+01
   1.3435000e+01
   1.3445000e+01
   1.3455000e+01
   1.3465000e+01
   1.3475000e+01
   1.3485000e+01
   1.3495000e+01
   1.3505000e+01
   1.3515000e+01
   1.3525000e+01
   1.3535000e+01
   1.3545000e+01
   1.3555000e+01
   1.3565000e+01
   1.3575000e+01
   1.3585000e+01
   1.3595000e+01
   1.3605000e+01
   1.3615000e+01
   1.3625000e+01
   1.3635000e+01
   1.3645000e+01
   1.3655000e+01
   1.3665000e+01
   1.3675000e+01
   1.3685000e+01
   1.3695000e+01
   1.3705000e+01
   1.3715000e+01
   1.3725000e+01
   1.3735000e+01
   1.3745000e+01
   1.3755000e+01
   1.3765000e+01
   1.3775000e+01
   1.3785000e+01
   1.3795000e+01
   1.3805000e+01
   1.3815000e+01
   1.3825000e+01
   1.3835000e+01
   1.3845000e+01
   1.3855000e+01
   1.3865000e+01
   1.3875000e+01
   1.3885000e+01
   1.3895000e+01
   1.3905000e+01
   1.3915000e+01
   1.3925000e+01
   1.3935000e+01
   1.3945000e+01
   1.3955000e+01
   1.3965000e+01
   1.3975000e+01
   1.3985000e+01
   1.3995000e+01
   1.4005000e+01
   1.4015000e+01
   1.4025000e+01
   1.4035000e+01
   1.4045000e+01
   1.4055000e+01
   1.4065000e+01
   1.4075000e+01
   1.4085000e+01
   1.4095000e+01
   1.4105000e+01
   1.4115000e+01
   1.4125000e+01
   1.4135000e+01
   1.4145000e+01
   1.4155000e+01
   1.4165000e+01
   1.4175000e+01
   1.4185000e+01
   1.4195000e+01
   1.4205000e+01
   1.4215000e+01
   1.4225000e+01
   1.4235000e+01
   1.4245000e+01
   1.4255000e+01
   1.4265000e+01
   1.4275000e+01
   1.4285000e+01
   1.4295000e+01
   1.4305000e+01
   1.4315000e+01
   1.4325000e+01
   1.4335000e+01
   1.4345000e+01
   1.4355000e+01
   1.4365000e+01
   1.4375000e+01
   1.4385000e+01
   1.4395000e+01
   1.4405000e+01
   1.4415000e+01
   1.4425000e+01
   1.4435000e+01
   1.4445000e+01
   1.4455000e+01
   1.4465000e+01
   1.4475000e+01
   1.4485000e+01
   1.4495000e+01
   1.4505000e+01
   1.4515000e+01
   1.4525000e+01
   1.4535000e+01
   1.4545000e+01
   1.4555000e+01
   1.4565000e+01
   1.4575000e+01
   1.4585000e+01
   1.4595000e+01
   1.4605000e+01
   1.4615000e+01
   1.4625000e+01
   1.4635000e+01
   1.4645000e+01
   1.4655000e+01
   1.4665000e+01
   1.4675000e+01
   1.4685000e+01
   1.4695000e+01
   1.4705000e+01
   1.4715000e+01
   1.4725000e+01
   1.4735000e+01
   1.4745000e+01
   1.4755000e+01
   1.4765000e+01
   1.4775000e+01
   1.4785000e+01
   1.4795000e+01
   1.4805000e+01
   1.4815000e+01
   1.4825000e+01
   1.4835000e+01
   1.4845000e+01
   1.4855000e+01
   1.4865000e+01
   1.4875000e+01
   1.4885000e+01
   1.4895000e+01
   1.4905000e+01
   1.4915000e+01
   1.4925000e+01
   1.4935000e+01
   1.4945000e+01
   1.4955000e+01
   1.4965000e+01
   1.4975000e+01
   1.4985000e+01
   1.4995000e+01
   1.5005000e+01
   1.5015000e+01
   1.5025000e+01
   1.5035000e+01
   1.5045000e+01
   1.5055000e+01
   1.5065000e+01
   1.5075000e+01
   1.5085000e+01
   1.5095000e+01
   1.5105000e+01
   1.5115000e+01
   1.5125000e+01
   1.5135000e+01
   1.5145000e+01
   1.5155000e+01
   1.5165000e+01
   1.5175000e+01
   1.5185000e+01
   1.5195000e+01
   1.5205000e+01
   1.5215000e+01
   1.5225000e+01
   1.5235000e+01
   1.5245000e+01
   1.5255000e+01
   1.5265000e+01
   1.5275000e+01
   1.5285000e+01
   1.5295000e+01
   1.5305000e+01
   1.5315000e+01
   1.5325000e+01
   1.5335000e+01
   1.5345000e+01
   1.5355000e+01
   1.5365000e+01
   1.5375000e+01
   1.5385000e+01
   1.5395000e+01
   1.5405000e+01
   1.5415000e+01
   1.5425000e+01
   1.5435000e+01
   1.5445000e+01
   1.5455000e+01
   1.5465000e+01
   1.5475000e+01
   1.5485000e+01
   1.5495000e+01
   1.5505000e+01
   1.5515000e+01
   1.5525000e+01
   1.5535000e+01
   1.5545000e+01
   1.5555000e+01
   1.5565000e+01
   1.5575000e+01
   1.5585000e+01
   1.5595000e+01
   1.5605000e+01
   1.5615000e+01
   1.5625000e+01
   1.5635000e+01
   1.5645000e+01
   1.5655000e+01
   1.5665000e+01
   1.5675000e+01
   1.5685000e+01
   1.5695000e+01
   1.5705000e+01
   1.5715000e+01
   1.5725000e+01
   1.5735000e+01
   1.5745000e+01
   1.5755000e+01
   1.5765000e+01
   1.5775000e+01
   1.5785000e+01
   1.5795000e+01
   1.5805000e+01
   1.5815000e+01
   1.5825000e+01
   1.5835000e+01
   1.5845000e+01
   1.5855000e+01
   1.5865000e+01
   1.5875000e+01
   1.5885000e+01
   1.5895000e+01
   1.5905000e+01
   1.5915000e+01
   1.5925000e+01
   1.5935000e+01
   1.5945000e+01
   1.5955000e+01
   1.5965000e+01
   1.5975000e+01
   1.5985000e+01
   1.5995000e+01
   1.6005000e+01
   1.6015000e+01
   1.6025000e+01
   1.6035000e+01
   1.6045000e+01
   1.6055000e+01
   1.6065000e+01
   1.6075000e+01
   1.6085000e+01
   1.6095000e+01
   1.6105000e+01
   1.6115000e+01
   1.6125000e+01
   1.6135000e+01
   1.6145000e+01
   1.6155000e+01
   1.6165000e+01
   1.6175000e+01
   1.6185000e+01
   1.6195000e+01
   1.6205000e+01
   1.6215000e+01
   1.6225000e+01
   1.6235000e+01
   1.6245000e+01
   1.6255000e+01
   1.6265000e+01
   1.6275000e+01
   1.6285000e+01
   1.6295000e+01
   1.6305000e+01
   1.6315000e+01
   1.6325000e+01
   1.6335000e+01
   1.6345000e+01
   1.6355000e+01
   1.6365000e+01
   1.6375000e+01
   1.6385000e+01
   1.6395000e+01
   1.6405000e+01
   1.6415000e+01
   1.6425000e+01
   1.6435000e+01
   1.6445000e+01
   1.6455000e+01
   1.6465000e+01
   1.6475000e+01
   1.6485000e+01
   1.6495000e+01
   1.6505000e+01
   1.6515000e+01
   1.6525000e+01
   1.6535000e+01
   1.6545000e+01
   1.6555000e+01
   1.6565000e+01
   1.6575000e+01
   1.6585000e+01
   1.6595000e+01
   1.6605000e+01
   1.6615000e+01
   1.6625000e+01
   1.6635000e+01
   1.6645000e+01
   1.6655000e+01
   1.6665000e+01
   1.6675000e+01
   1.6685000e+01
   1.6695000e+01
   1.6705000e+01
   1.6715000e+01
   1.6725000e+01
   1.6735000e+01
   1.6745000e+01
   1.6755000e+01
   1.6765000e+01
   1.6775000e+01
   1.6785000e+01
   1.6795000e+01
   1.6805000e+01
   1.6815000e+01
   1.6825000e+01
   1.6835000e+01
   1.6845000e+01
   1.6855000e+01
   1.6865000e+01
   1.6875000e+01
   1.6885000e+01
   1.6895000e+01
   1.6905000e+01
   1.6915000e+01
   1.6925000e+01
   1.6935000e+01
   1.6945000e+01
   1.6955000e+01
   1.6965000e+01
   1.6975000e+01
   1.6985000e+01
   1.6995000e+01
   1.7005000e+01
   1.7015000e+01
   1.7025000e+01
   1.7035000e+01
   1.7045000e+01
   1.7055000e+01
   1.7065000e+01
   1.7075000e+01
   1.7085000e+01
   1.7095000e+01
   1.7105000e+01
   1.7115000e+01
   1.7125000e+01
   1.7135000e+01
   1.7145000e+01
   1.7155000e+01
   1.7165000e+01
   1.7175000e+01
   1.7185000e+01
   1.7195000e+01
   1.7205000e+01
   1.7215000e+01
   1.7225000e+01
   1.7235000e+01
   1.7245000e+01
   1.7255000e+01
   1.7265000e+01
   1.7275000e+01
   1.7285000e+01
   1.7295000e+01
   1.7305000e+01
   1.7315000e+01
   1.7325000e+01
   1.7335000e+01
   1.7345000e+01
   1.7355000e+01
   1.7365000e+01
   1.7375000e+01
   1.7385000e+01
   1.7395000e+01
   1.7405000e+01
   1.7415000e+01
   1.7425000e+01
   1.7435000e+01
   1.7445000e+01
   1.7455000e+01
   1.7465000e+01
   1.7475000e+01
   1.7485000e+01
   1.7495000e+01
   1.7505000e+01
   1.7515000e+01
   1.7525000e+01
   1.7535000e+01
   1.7545000e+01
   1.7555000e+01
   1.7565000e+01
   1.7575000e+01
   1.7585000e+01
   1.7595000e+01
   1.7605000e+01
   1.7615000e+01
   1.7625000e+01
   1.7635000e+01
   1.7645000e+01
   1.7655000e+01
   1.7665000e+01
   1.7675000e+01
   1.7685000e+01
   1.7695000e+01
   1.7705000e+01
   1.7715000e+01
   1.7725000e+01
   1.7735000e+01
   1.7745000e+01
   1.7755000e+01
   1.7765000e+01
   1.7775000e+01
   1.7785000e+01
   1.7795000e+01
   1.7805000e+01
   1.7815000e+01
   1.7825000e+01
   1.7835000e+01
   1.7845000e+01
   1.7855000e+01
   1.7865000e+01
   1.7875000e+01
   1.7885000e+01
   1.7895000e+01
   1.7905000e+01
   1.7915000e+01
   1.7925000e+01
   1.7935000e+01
   1.7945000e+01
   1.7955000e+01
   1.7965000e+01
   1.7975000e+01
   1.7985000e+01
   1.7995000e+01
   1.8005000e+01
   1.8015000e+01
   1.8025000e+01
   1.8035000e+01
   1.8045000e+01
   1.8055000e+01
   1.8065000e+01
   1.8075000e+01
   1.8085000e+01
   1.8095000e+01
   1.8105000e+01
   1.8115000e+01
   1.8125000e+01
   1.8135000e+01
   1.8145000e+01
   1.8155000e+01
   1.8165000e+01
   1.8175000e+01
   1.8185000e+01
   1.8195000e+01
   1.8205000e+01
   1.8215000e+01
   1.8225000e+01
   1.8235000e+01
   1.8245000e+01
   1.8255000e+01
   1.8265000e+01
   1.8275000e+01
   1.8285000e+01
   1.8295000e+01
   1.8305000e+01
   1.8315000e+01
   1.8325000e+01
   1.8335000e+01
   1.8345000e+01
   1.8355000e+01
   1.8365000e+01
   1.8375000e+01
   1.8385000e+01
   1.8395000e+01
   1.8405000e+01
   1.8415000e+01
   1.8425000e+01
   1.8435000e+01
   1.8445000e+01
   1.8455000e+01
   1.8465000e+01
   1.8475000e+01
   1.8485000e+01
   1.8495000e+01
   1.8505000e+01
   1.8515000e+01
   1.8525000e+01
   1.8535000e+01
   1.8545000e+01
   1.8555000e+01
   1.8565000e+01
   1.8575000e+01
   1.8585000e+01
   1.8595000e+01
   1.8605000e+01
   1.8615000e+01
   1.8625000e+01
   1.8635000e+01
   1.8645000e+01
   1.8655000e+01
   1.8665000e+01
   1.8675000e+01
   1.8685000e+01
   1.8695000e+01
   1.8705000e+01
   1.8715000e+01
   1.8725000e+01
   1.8735000e+01
   1.8745000e+01
   1.8755000e+01
   1.8765000e+01
   1.8775000e+01
   1.8785000e+01
   1.8795000e+01
   1.8805000e+01
   1.8815000e+01
   1.8825000e+01
   1.8835000e+01
   1.8845000e+01
   1.8855000e+01
   1.8865000e+01
   1.8875000e+01
   1.8885000e+01
   1.8895000e+01
   1.8905000e+01
   1.8915000e+01
   1.8925000e+01
   1.8935000e+01
   1.8945000e+01
   1.8955000e+01
   1.8965000e+01
   1.8975000e+01
   1.8985000e+01
   1.8995000e+01
   1.9005000e+01
   1.9015000e+01
   1.9025000e+01
   1.9035000e+01
   1.9045000e+01
   1.9055000e+01
   1.9065000e+01
   1.9075000e+01
   1.9085000e+01
   1.9095000e+01
   1.9105000e+01
   1.9115000e+01
   1.9125000e+01
   1.9135000e+01
   1.9145000e+01
   1.9155000e+01
   1.9165000e+01
   1.9175000e+01
   1.9185000e+01
   1.9195000e+01
   1.9205000e+01
   1.9215000e+01
   1.9225000e+01
   1.9235000e+01
   1.9245000e+01
   1.9255000e+01
   1.9265000e+01
   1.9275000e+01
   1.9285000e+01
   1.9295000e+01
   1.9305000e+01
   1.9315000e+01
   1.9325000e+01
   1.9335000e+01
   1.9345000e+01
   1.9355000e+01
   1.9365000e+01
   1.9375000e+01
   1.9385000e+01
   1.9395000e+01
   1.9405000e+01
   1.9415000e+01
   1.9425000e+01
   1.9435000e+01
   1.9445000e+01
   1.9455000e+01
   1.9465000e+01
   1.9475000e+01
   1.9485000e+01
   1.9495000e+01
   1.9505000e+01
   1.9515000e+01
   1.9525000e+01
   1.9535000e+01
   1.9545000e+01
   1.9555000e+01
   1.9565000e+01
   1.9575000e+01
   1.9585000e+01
   1.9595000e+01
   1.9605000e+01
   1.9615000e+01
   1.9625000e+01
   1.9635000e+01
   1.9645000e+01
   1.9655000e+01
   1.9665000e+01
   1.9675000e+01
   1.9685000e+01
   1.9695000e+01
   1.9705000e+01
   1.9715000e+01
   1.9725000e+01
   1.9735000e+01
   1.9745000e+01
   1.9755000e+01
   1.9765000e+01
   1.9775000e+01
   1.9785000e+01
   1.9795000e+01
   1.9805000e+01
   1.9815000e+01
   1.9825000e+01
   1.9835000e+01
   1.9845000e+01
   1.9855000e+01
   1.9865000e+01
   1.9875000e+01
   1.9885000e+01
   1.9895000e+01
   1.9905000e+01
   1.9915000e+01
   1.9925000e+01
   1.9935000e+01
   1.9945000e+01
   1.9955000e+01
   1.9965000e+01
   1.9975000e+01
   1.9985000e+01
   1.9995000e+01
   2.0005000e+01
   2.0015000e+01
   2.0025000e+01
   2.0035000e+01
   2.0045000e+01
   2.0055000e+01
   2.0065000e+01
   2.0075000e+01
   2.0085000e+01
   2.0095000e+01
   2.0105000e+01
   2.0115000e+01
   2.0125000e+01
   2.0135000e+01
   2.0145000e+01
   2.0155000e+01
   2.0165000e+01
   2.0175000e+01
   2.0185000e+01
   2.0195000e+01
   2.0205000e+01
   2.0215000e+01
   2.0225000e+01
   2.0235000e+01
   2.0245000e+01
   2.0255000e+01
   2.0265000e+01
   2.0275000e+01
   2.0285000e+01
   2.0295000e+01
   2.0305000e+01
   2.0315000e+01
   2.0325000e+01
   2.0335000e+01
   2.0345000e+01
   2.0355000e+01
   2.0365000e+01
   2.0375000e+01
   2.0385000e+01
   2.0395000e+01
   2.0405000e+01
   2.0415000e+01
   2.0425000e+01
   2.0435000e+01
   2.0445000e+01
   2.0455000e+01
   2.0465000e+01
   2.0475000e+01
   2.0485000e+01
   2.0495000e+01
   2.0505000e+01
   2.0515000e+01
   2.0525000e+01
   2.0535000e+01
   2.0545000e+01
   2.0555000e+01
   2.0565000e+01
   2.0575000e+01
   2.0585000e+01
   2.0595000e+01
   2.0605000e+01
   2.0615000e+01
   2.0625000e+01
   2.0635000e+01
   2.0645000e+01
   2.0655000e+01
   2.0665000e+01
   2.0675000e+01
   2.0685000e+01
   2.0695000e+01
   2.0705000e+01
   2.0715000e+01
   2.0725000e+01
   2.0735000e+01
   2.0745000e+01
   2.0755000e+01
   2.0765000e+01
   2.0775000e+01
   2.0785000e+01
   2.0795000e+01
   2.0805000e+01
   2.0815000e+01
   2.0825000e+01
   2.0835000e+01
   2.0845000e+01
   2.0855000e+01
   2.0865000e+01
   2.0875000e+01
   2.0885000e+01
   2.0895000e+01
   2.0905000e+01
   2.0915000e+01
   2.0925000e+01
   2.0935000e+01
   2.0945000e+01
   2.0955000e+01
   2.0965000e+01
   2.0975000e+01
   2.0985000e+01
   2.0995000e+01
   2.1005000e+01
   2.1015000e+01
   2.1025000e+01
   2.1035000e+01
   2.1045000e+01
   2.1055000e+01
   2.1065000e+01
   2.1075000e+01
   2.1085000e+01
   2.1095000e+01
   2.1105000e+01
   2.1115000e+01
   2.1125000e+01
   2.1135000e+01
   2.1145000e+01
   2.1155000e+01
   2.1165000e+01
   2.1175000e+01
   2.1185000e+01
   2.1195000e+01
   2.1205000e+01
   2.1215000e+01
   2.1225000e+01
   2.1235000e+01
   2.1245000e+01
   2.1255000e+01
   2.1265000e+01
   2.1275000e+01
   2.1285000e+01
   2.1295000e+01
   2.1305000e+01
   2.1315000e+01
   2.1325000e+01
   2.1335000e+01
   2.1345000e+01
   2.1355000e+01
   2.1365000e+01
   2.1375000e+01
   2.1385000e+01
   2.1395000e+01
   2.1405000e+01
   2.1415000e+01
   2.1425000e+01
   2.1435000e+01
   2.1445000e+01
   2.1455000e+01
   2.1465000e+01
   2.1475000e+01
   2.1485000e+01
   2.1495000e+01
   2.1505000e+01
   2.1515000e+01
   2.1525000e+01
   2.1535000e+01
   2.1545000e+01
   2.1555000e+01
   2.1565000e+01
   2.1575000e+01
   2.1585000e+01
   2.1595000e+01
   2.1605000e+01
   2.1615000e+01
   2.1625000e+01
   2.1635000e+01
   2.1645000e+01
   2.1655000e+01
   2.1665000e+01
   2.1675000e+01
   2.1685000e+01
   2.1695000e+01
   2.1705000e+01
   2.1715000e+01
   2.1725000e+01
   2.1735000e+01
   2.1745000e+01
   2.1755000e+01
   2.1765000e+01
   2.1775000e+01
   2.1785000e+01
   2.1795000e+01
   2.1805000e+01
   2.1815000e+01
   2.1825000e+01
   2.1835000e+01
   2.1845000e+01
   2.1855000e+01
   2.1865000e+01
   2.1875000e+01
   2.1885000e+01
   2.1895000e+01
   2.1905000e+01
   2.1915000e+01
   2.1925000e+01
   2.1935000e+01
   2.1945000e+01
   2.1955000e+01
   2.1965000e+01
   2.1975000e+01
   2.1985000e+01
   2.1995000e+01
   2.2005000e+01
   2.2015000e+01
   2.2025000e+01
   2.2035000e+01
   2.2045000e+01
   2.2055000e+01
   2.2065000e+01
   2.2075000e+01
   2.2085000e+01
   2.2095000e+01
   2.2105000e+01
   2.2115000e+01
   2.2125000e+01
   2.2135000e+01
   2.2145000e+01
   2.2155000e+01
   2.2165000e+01
   2.2175000e+01
   2.2185000e+01
   2.2195000e+01
   2.2205000e+01
   2.2215000e+01
   2.2225000e+01
   2.2235000e+01
   2.2245000e+01
   2.2255000e+01
   2.2265000e+01
   2.2275000e+01
   2.2285000e+01
   2.2295000e+01
   2.2305000e+01
   2.2315000e+01
   2.2325000e+01
   2.2335000e+01
   2.2345000e+01
   2.2355000e+01
   2.2365000e+01
   2.2375000e+01
   2.2385000e+01
   2.2395000e+01
   2.2405000e+01
   2.2415000e+01
   2.2425000e+01
   2.2435000e+01
   2.2445000e+01
   2.2455000e+01
   2.2465000e+01
   2.2475000e+01
   2.2485000e+01
   2.2495000e+01
   2.2505000e+01
   2.2515000e+01
   2.2525000e+01
   2.2535000e+01
   2.2545000e+01
   2.2555000e+01
   2.2565000e+01
   2.2575000e+01
   2.2585000e+01
   2.2595000e+01
   2.2605000e+01
   2.2615000e+01
   2.2625000e+01
   2.2635000e+01
   2.2645000e+01
   2.2655000e+01
   2.2665000e+01
   2.2675000e+01
   2.2685000e+01
   2.2695000e+01
   2.2705000e+01
   2.2715000e+01
   2.2725000e+01
   2.2735000e+01
   2.2745000e+01
   2.2755000e+01
   2.2765000e+01
   2.2775000e+01
   2.2785000e+01
   2.2795000e+01
   2.2805000e+01
   2.2815000e+01
   2.2825000e+01
   2.2835000e+01
   2.2845000e+01
   2.2855000e+01
   2.2865000e+01
   2.2875000e+01
   2.2885000e+01
   2.2895000e+01
   2.2905000e+01
   2.2915000e+01
   2.2925000e+01
   2.2935000e+01
   2.2945000e+01
   2.2955000e+01
   2.2965000e+01
   2.2975000e+01
   2.2985000e+01
   2.2995000e+01
   2.3005000e+01
   2.3015000e+01
   2.3025000e+01
   2.3035000e+01
   2.3045000e+01
   2.3055000e+01
   2.3065000e+01
   2.3075000e+01
   2.3085000e+01
   2.3095000e+01
   2.3105000e+01
   2.3115000e+01
   2.3125000e+01
   2.3135000e+01
   2.3145000e+01
   2.3155000e+01
   2.3165000e+01
   2.3175000e+01
   2.3185000e+01
   2.3195000e+01
   2.3205000e+01
   2.3215000e+01
   2.3225000e+01
   2.3235000e+01
   2.3245000e+01
   2.3255000e+01
   2.3265000e+01
   2.3275000e+01
   2.3285000e+01
   2.3295000e+01
   2.3305000e+01
   2.3315000e+01
   2.3325000e+01
   2.3335000e+01
   2.3345000e+01
   2.3355000e+01
   2.3365000e+01
   2.3375000e+01
   2.3385000e+01
   2.3395000e+01
   2.3405000e+01
   2.3415000e+01
   2.3425000e+01
   2.3435000e+01
   2.3445000e+01
   2.3455000e+01
   2.3465000e+01
   2.3475000e+01
   2.3485000e+01
   2.3495000e+01
   2.3505000e+01
   2.3515000e+01
   2.3525000e+01
   2.3535000e+01
   2.3545000e+01
   2.3555000e+01
   2.3565000e+01
   2.3575000e+01
   2.3585000e+01
   2.3595000e+01
   2.3605000e+01
   2.3615000e+01
   2.3625000e+01
   2.3635000e+01
   2.3645000e+01
   2.3655000e+01
   2.3665000e+01
   2.3675000e+01
   2.3685000e+01
   2.3695000e+01
   2.3705000e+01
   2.3715000e+01
   2.3725000e+01
   2.3735000e+01
   2.3745000e+01
   2.3755000e+01
   2.3765000e+01
   2.3775000e+01
   2.3785000e+01
   2.3795000e+01
   2.3805000e+01
   2.3815000e+01
   2.3825000e+01
   2.3835000e+01
   2.3845000e+01
   2.3855000e+01
   2.3865000e+01
   2.3875000e+01
   2.3885000e+01
   2.3895000e+01
   2.3905000e+01
   2.3915000e+01
   2.3925000e+01
   2.3935000e+01
   2.3945000e+01
   2.3955000e+01
   2.3965000e+01
   2.3975000e+01
   2.3985000e+01
   2.3995000e+01
   2.9150873e+00
   2.6475992e+00
   2.8786616e+00
   1.2888542e+00
   3.0372969e+00
   1.7942998e+00
   2.8273825e+00
   3.7954149e+00
   3.6579166e+00
   4.2574275e+00
   3.5779777e+00
   2.9852276e+00
   3.2812275e+00
   7.8087755e-01
   2.4425079e+00
   3.1720186e+00
   3.0127599e+00
   1.5962221e+00
   2.4991251e+00
   2.3398391e+00
   1.6602942e+00
   2.3247202e+00
   2.4905676e+00
   3.7836064e+00
   3.9711069e+00
   2.5111493e+00
   5.7334335e+00
   3.5797796e+00
   4.2007976e+00
   4.2798675e+00
   2.5380693e+00
   3.2674432e+00
   2.9563089e+00
   3.6206367e+00
   3.3094865e+00
   3.4752287e+00
   2.5354332e+00
   2.6361204e+00
   2.4983601e+00
   3.0542526e+00
   4.5205780e+00
   4.1226664e+00
   3.4863078e+00
   1.5926723e+00
   1.9751099e+00
   4.4602206e+00
   3.2385544e+00
   4.0978715e+00
   2.2909119e+00
   3.1285358e+00
   3.0123731e+00
   3.8933338e+00
   2.8016881e+00
   2.4470558e+00
   3.5230971e+00
   3.6887019e+00
   3.2039803e+00
   3.0227420e+00
   3.9686974e+00
   2.3133967e+00
   3.6928800e+00
   2.9046575e+00
   2.5933192e+00
   3.7993653e+00
   2.3391359e+00
   2.7214510e+00
   2.7352508e+00
   3.3993455e+00
   2.9795950e+00
   4.4674196e+00
   2.7036794e+00
   4.1914846e+00
   3.5982953e+00
   1.2926219e+00
   2.6720342e+00
   3.4228020e+00
   2.7428853e+00
   4.2523540e+00
   2.1417482e+00
   3.3910677e+00
   3.5782226e+00
   2.2046127e+00
   4.0825581e+00
   2.2537288e+00
   2.6576348e+00
   2.1944463e+00
   2.1431232e+00
   2.5470054e+00
   3.1243028e+00
   3.2246956e+00
   2.8915536e+00
   3.3604470e+00
   2.5070458e+00
   3.4528300e+00
   2.1875495e+00
   2.4613346e+00
   3.2770452e+00
   3.3340513e+00
   3.8896231e+00
   2.1691103e+00
   1.9443030e+00
   3.4536511e+00
   2.3834347e+00
   3.5459438e+00
   3.5595582e+00
   4.0934279e+00
   3.5434330e+00
   3.9472337e+00
   2.7902700e+00
   3.0423221e+00
   2.6223699e+00
   3.1562136e+00
   3.0180631e+00
   2.8148686e+00
   3.2619902e+00
   3.2322078e+00
   3.8960916e+00
   4.0180415e+00
   4.2050277e+00
   3.1780903e+00
   5.1425493e+00
   3.7904750e+00
   3.9991171e+00
   4.3378159e+00
   4.8065311e+00
   5.1885930e+00
   4.7469514e+00
   6.1044064e+00
   5.4893580e+00
   4.7658063e+00
   6.4268512e+00
   5.8550928e+00
   5.7818313e+00
   5.5135665e+00
   6.4158986e+00
   5.0637275e+00
   4.5136533e+00
   4.0502160e+00
   6.1880957e+00
   5.7463124e+00
   5.0661262e+00
   4.4727371e+00
   3.7925153e+00
   4.9332508e+00
   4.4047537e+00
   4.1581041e+00
   4.8218520e+00
   4.4018474e+00
   4.3069404e+00
   3.1064609e+00
   4.0303691e+00
   3.8053850e+00
   4.2089885e+00
   4.7643698e+00
   4.9946488e+00
   3.7074658e+00
   6.6256008e+00
   4.6014739e+00
   5.6987452e+00
   4.1298147e+00
   4.4900825e+00
   3.7014487e+00
   3.4764433e+00
   4.3352764e+00
   3.1564882e+00
   4.1453986e+00
   3.5518679e+00
   4.3457162e+00
   2.6683035e+00
   4.3942300e+00
   5.9466857e+00
   4.1392405e+00
   4.2177943e+00
   3.5591873e+00
   5.9136992e+00
   6.2306503e+00
   3.7295403e+00
   4.9352493e+00
   4.4283974e+00
   5.0921445e+00
   4.6936908e+00
   4.1435362e+00
   3.1597709e+00
   4.3871248e+00
   3.6851780e+00
   3.9587104e+00
   4.2756521e+00
   4.4407932e+00
   4.1073335e+00
   3.2753830e+00
   3.4405319e+00
   3.3022102e+00
   4.2476879e+00
   3.1122652e+00
   3.2123919e+00
   4.6781979e+00
   4.1713334e+00
   4.8133683e+00
   4.7834025e+00
   3.5612460e+00
   5.4171687e+00
   6.0376005e+00
   4.9021316e+00
   4.6120623e+00
   4.5820927e+00
   7.6086230e+00
   6.4297532e+00
   7.7004835e+00
   7.5187140e+00
   6.8818449e+00
   6.0498762e+00
   5.1095081e+00
   4.3858406e+00
   5.4180740e+00
   5.1063082e+00
   4.2743436e+00
   5.5883803e+00
   4.3879186e+00
   5.1600583e+00
   6.1922995e+00
   4.3848422e+00
   5.1785863e+00
   5.5171319e+00
   6.0291791e+00
   4.7203279e+00
   5.0154782e+00
   3.7283303e+00
   5.1507840e+00
   6.7249396e+00
   4.7223971e+00
   5.1043566e+00
   4.0339180e+00
   4.4158813e+00
   6.0984466e+00
   6.3070140e+00
   6.3204836e+00
   4.6864557e+00
   4.8299304e+00
   6.5125078e+00
   5.8756880e+00
   5.1521713e+00
   4.2334579e+00
   4.2903478e+00
   5.1708409e+00
   5.6829373e+00
   6.4984371e+00
   6.0567404e+00
   5.9401470e+00
   6.9073572e+00
   7.0509709e+00
   5.0484882e+00
   6.1892094e+00
   6.9397349e+00
   6.6280647e+00
   6.7065989e+00
   6.7201377e+00
   6.7986810e+00
   6.8122290e+00
   6.9774819e+00
   7.7713400e+00
   6.0941033e+00
   6.7362721e+00
   7.3351466e+00
   5.9830271e+00
   5.9749138e+00
   6.4654073e+00
   7.1076071e+00
   5.4303130e+00
   6.2243247e+00
   7.9504420e+00
   6.9885648e+00
   8.0425930e+00
   8.6632265e+00
   6.7475650e+00
   7.6499084e+00
   7.2516567e+00
   6.9835100e+00
   6.5636683e+00
   7.3576312e+00
   6.7642987e+00
   8.1002705e+00
   6.5531465e+00
   8.6912267e+00
   6.4938112e+00
   7.5696000e+00
   7.1063929e+00
   6.5997901e+00
   5.8547915e+00
   7.6026972e+00
   7.3779073e+00
   5.8308215e+00
   8.1639397e+00
   8.2643618e+00
   7.7794877e+00
   8.6386173e+00
   6.9832505e+00
   7.3003871e+00
   6.2086272e+00
   7.3061706e+00
   8.0786174e+00
   7.2902677e+00
   7.0005215e+00
   6.4722787e+00
   7.7433394e+00
   7.1935034e+00
   7.3806707e+00
   8.6950415e+00
   6.8662156e+00
   8.3972931e+00
   9.6683740e+00
   8.3814584e+00
   8.9155461e+00
   7.9321375e+00
   8.3794324e+00
   9.6288309e+00
   9.8160326e+00
   9.8514376e+00
   8.2178455e+00
   8.4700564e+00
   9.0907703e+00
   8.1941870e+00
   9.3568065e+00
   8.5035287e+00
   9.3844535e+00
   7.7073808e+00
   1.0127411e+01
   1.0054443e+01
   8.2907773e+00
   8.0878138e+00
   8.3617522e+00
   7.9419926e+00
   9.7117352e+00
   8.9451801e+00
   9.0890273e+00
   1.1270577e+01
   9.2467290e+00
   1.2035284e+01
   1.1377041e+01
   9.0932007e+00
   1.0732763e+01
   1.0399828e+01
   1.0175196e+01
   1.1034466e+01
   1.0181239e+01
   8.8944153e+00
   8.9949938e+00
   1.0136075e+01
   9.1310594e+00
   9.1232464e+00
   1.1868436e+01
   9.9314291e+00
   1.0422125e+01
   8.8536232e+00
   1.0753424e+01
   1.2241329e+01
   9.1554358e+00
   9.4510460e+00
   1.0722259e+01
   1.0020776e+01
   1.0858395e+01
   1.1847818e+01
   1.1254745e+01
   1.1051875e+01
   1.1217508e+01
   1.1231444e+01
   1.1527183e+01
   1.2538225e+01
   1.1988571e+01
   1.3433119e+01
   1.2558270e+01
   1.0599624e+01
   1.1784081e+01
   1.0497441e+01
   1.2462303e+01
   1.2996469e+01
   1.2967137e+01
   1.2699208e+01
   1.3775381e+01
   1.2401957e+01
   1.3001236e+01
   1.2386517e+01
   1.0449601e+01
   1.1265588e+01
   1.2905377e+01
   1.2485769e+01
   1.0180264e+01
   1.2535361e+01
   1.1422162e+01
   1.1154364e+01
   1.2338870e+01
   1.2981478e+01
   1.4729688e+01
   1.3009501e+01
   1.0834117e+01
   1.2885735e+01
   1.2379455e+01
   1.2566878e+01
   1.2039004e+01
   1.2248032e+01
   1.1850163e+01
   1.1907596e+01
   1.1119532e+01
   1.1545371e+01
   1.0930812e+01
   1.2397156e+01
   1.1565803e+01
   1.1341352e+01
   1.2157404e+01
   1.1369459e+01
   1.2293917e+01
   1.2589777e+01
   1.1910140e+01
   1.3138106e+01
   1.3824075e+01
   1.3274546e+01
   1.2551620e+01
   1.2023696e+01
   1.3533476e+01
   1.3352457e+01
   1.4407041e+01
   1.5331528e+01
   1.4977017e+01
   1.3603809e+01
   1.5200303e+01
   1.3133399e+01
   1.4296298e+01
   1.4938999e+01
   1.4628002e+01
   1.4013408e+01
   1.3160416e+01
   1.2589227e+01
   1.3296941e+01
   1.3397758e+01
   1.3845378e+01
   1.4358100e+01
   1.2724726e+01
   1.3866054e+01
   1.4335385e+01
   1.3243919e+01
   1.5469156e+01
   1.4312696e+01
   1.4326839e+01
   1.4297585e+01
   1.5178834e+01
   1.3046887e+01
   1.4665142e+01
   1.4592601e+01
   1.4303263e+01
   1.4924329e+01
   1.5111897e+01
   1.5429469e+01
   1.3557745e+01
   1.3962125e+01
   1.3260908e+01
   1.4510694e+01
   1.4069585e+01
   1.3108280e+01
   1.4813279e+01
   1.4350582e+01
   1.5123490e+01
   1.6460001e+01
   1.5477015e+01
   1.4775833e+01
   1.4074755e+01
   1.4544180e+01
   1.4558308e+01
   1.2968440e+01
   1.3849774e+01
   1.3278712e+01
   1.4766953e+01
   1.3415496e+01
   1.3039543e+01
   1.3508992e+01
   1.4065143e+01
   1.4014297e+01
   1.5524254e+01
   1.3479213e+01
   1.3341675e+01
   1.4873339e+01
   1.5386106e+01
   1.4013076e+01
   1.6411749e+01
   1.4648524e+01
   1.4250902e+01
   1.5912683e+01
   1.4019366e+01
   1.5052352e+01
   1.4459740e+01
   1.5297731e+01
   1.5897225e+01
   1.5933221e+01
   1.5383920e+01
   1.5766621e+01
   1.4003424e+01
   1.7334329e+01
   1.5007437e+01
   1.6951046e+01
   1.6271658e+01
   1.6394271e+01
   1.6820487e+01
   1.5967704e+01
   1.5440023e+01
   1.5042444e+01
   1.6682568e+01
   1.6349993e+01
   1.6581121e+01
   1.6226850e+01
   1.6826481e+01
   1.5280014e+01
   1.6768348e+01
   1.5915584e+01
   1.5929921e+01
   1.7743460e+01
   1.5611699e+01
   1.5734440e+01
   1.6355682e+01
   1.6261625e+01
   1.7381469e+01
   1.4556113e+01
   1.7128357e+01
   1.6405602e+01
   1.6918546e+01
   1.5545491e+01
   1.4779435e+01
   1.7134881e+01
   1.6802428e+01
   1.7336976e+01
   1.6224125e+01
   1.6758676e+01
   1.7705129e+01
   1.7849484e+01
   1.7950541e+01
   1.8094999e+01
   1.5464660e+01
   1.6888024e+01
   1.7986290e+01
   1.7176858e+01
   1.6085730e+01
   1.7617404e+01
   1.6721382e+01
   1.7039163e+01
   1.6338247e+01
   1.7284634e+01
   1.7645925e+01
   1.7703620e+01
   1.6113917e+01
   1.7277119e+01
   1.6424424e+01
   1.7587734e+01
   1.6800048e+01
   1.6836166e+01
   1.6785489e+01
   1.6995017e+01
   1.7139450e+01
   1.6958789e+01
   1.5846032e+01
   1.6098880e+01
   1.7002034e+01
   1.7840192e+01
   1.5383456e+01
   1.5376224e+01
   1.7168198e+01
   1.8309877e+01
   1.7955861e+01
   1.8403850e+01
   1.5925444e+01
   1.7955844e+01
   1.7580149e+01
   1.7312860e+01
   1.6698775e+01
   1.4307096e+01
   1.6164122e+01
   1.7154154e+01
   1.6323192e+01
   1.8071936e+01
   1.7652885e+01
   1.4524241e+01
   1.6814903e+01
   1.7349671e+01
   1.6475446e+01
   1.8159127e+01
   1.9257615e+01
   1.7624709e+01
   1.8419609e+01
   1.7328717e+01
   1.7971931e+01
   1.8094952e+01
   1.8066179e+01
   1.7300414e+01
   1.8073756e+01
   1.7026206e+01
   1.8883362e+01
   1.6643526e+01
   1.6289697e+01
   1.7539976e+01
   1.8616762e+01
   1.8197957e+01
   1.8754559e+01
   1.9224469e+01
   1.7700087e+01
   1.7216214e+01
   1.7837849e+01
   1.8524593e+01
   1.9297945e+01
   1.8749105e+01
   1.8872274e+01
   1.9689052e+01
   1.9140238e+01
   1.8613033e+01
   1.7847436e+01
   1.8924448e+01
   2.0174869e+01
   1.8455499e+01
   1.8405237e+01
   1.9243785e+01
   1.8261541e+01
   1.8211306e+01
   1.8464580e+01
   1.8999762e+01
   1.9144654e+01
   1.7685456e+01
   1.9803067e+01
   1.8582387e+01
   1.7990318e+01
   1.7658359e+01
   1.9407511e+01
   2.0246172e+01
   1.9220645e+01
   1.8216728e+01
   2.0030922e+01
   2.0479426e+01
   1.9410542e+01
   1.9902468e+01
   1.7663105e+01
   1.8241654e+01
   1.8581914e+01
   1.8401886e+01
   1.9175570e+01
   1.7109665e+01
   1.8273673e+01
   1.9350893e+01
   1.9149225e+01
   1.7451870e+01
   1.8269127e+01
   1.7070297e+01
   1.9079781e+01
   1.6948878e+01
   1.9825488e+01
   1.8453313e+01
   1.7818252e+01
   1.8462105e+01
   1.8650772e+01
   1.8535953e+01
   1.7727547e+01
   1.7807855e+01
   1.8668476e+01
   1.7925110e+01
   1.7940457e+01
   1.6915317e+01
   1.6020191e+01
   1.8029877e+01
   1.8413776e+01
   1.7670488e+01
   1.7490713e+01
   1.7376151e+01
   1.7131401e+01
   1.5694463e+01
   1.6230238e+01
   1.6917626e+01
   1.8168726e+01
   1.7707339e+01
   1.7137564e+01
   1.6611103e+01
   1.7623753e+01
   1.7639317e+01
   1.7091293e+01
   1.5697881e+01
   1.7816082e+01
   1.8200194e+01
   1.7478819e+01
   1.6692356e+01
   1.5970905e+01
   1.7720766e+01
   1.6782638e+01
   1.6776623e+01
   1.6618821e+01
   1.5962530e+01
   1.7040452e+01
   1.6752686e+01
   1.5879633e+01
   1.6957492e+01
   1.5000663e+01
   1.5558347e+01
   1.5812544e+01
   1.6565353e+01
   1.5930876e+01
   1.4797810e+01
   1.5225458e+01
   1.6845419e+01
   1.4433493e+01
   1.5879979e+01
   1.5288878e+01
   1.5239789e+01
   1.5147313e+01
   1.5076450e+01
   1.3856799e+01
   1.5498561e+01
   1.5948036e+01
   1.4641723e+01
   1.4397522e+01
   1.3763234e+01
   1.4082759e+01
   1.3730196e+01
   1.3312745e+01
   1.4564307e+01
   1.4710482e+01
   1.5940469e+01
   1.5826469e+01
   1.4238381e+01
   1.6010406e+01
   1.4140544e+01
   1.3506395e+01
   1.4216159e+01
   1.4167336e+01
   1.5028925e+01
   1.4980028e+01
   1.3717243e+01
   1.5012471e+01
   1.5787312e+01
   1.5261665e+01
   1.4974432e+01
   1.6313011e+01
   1.5288704e+01
   1.3202409e+01
   1.4302528e+01
   1.4730661e+01
   1.5354006e+01
   1.4308165e+01
   1.3414037e+01
   1.5121223e+01
   1.4855822e+01
   1.3875036e+01
   1.3284462e+01
   1.3777803e+01
   1.4617958e+01
   1.3767328e+01
   1.4087211e+01
   1.3236608e+01
   1.4532120e+01
   1.3204645e+01
   1.4760184e+01
   1.2175436e+01
   1.3839502e+01
   1.3986081e+01
   1.4978174e+01
   1.2978780e+01
   1.5098000e+01
   1.4486033e+01
   1.2356580e+01
   1.1701240e+01
   1.3994014e+01
   1.2883401e+01
   1.3116901e+01
   1.1702915e+01
   1.2630043e+01
   1.2169883e+01
   1.1297837e+01
   1.1574703e+01
   1.0876084e+01
   1.0285977e+01
   1.2708884e+01
   1.0991504e+01
   1.1463536e+01
   1.2108982e+01
   1.2147540e+01
   1.1817511e+01
   1.0988995e+01
   1.0312190e+01
   1.0133999e+01
   1.1668220e+01
   1.1013154e+01
   9.6861012e+00
   1.1112062e+01
   1.1107337e+01
   1.0365625e+01
   1.1293028e+01
   1.0529645e+01
   1.0589976e+01
   1.0065121e+01
   9.6268816e+00
   1.1291457e+01
   1.1070047e+01
   1.0805352e+01
   1.0670673e+01
   9.7774097e+00
   1.0769962e+01
   9.3781295e+00
   1.0154013e+01
   9.6075118e+00
   9.4946265e+00
   1.0639057e+01
   1.0743003e+01
   1.0630165e+01
   8.0895435e+00
   1.0187838e+01
   8.1241487e+00
   9.6804759e+00
   9.6544195e+00
   8.1110798e+00
   9.4073568e+00
   8.1024505e+00
   9.5504613e+00
   1.0499989e+01
   9.8237342e+00
   9.8845967e+00
   8.2978767e+00
   9.6810745e+00
   8.5279904e+00
   1.0149624e+01
   7.8693761e+00
   8.5372460e+00
   8.3596342e+00
   8.9842406e+00
   7.7878653e+00
   8.2824084e+00
   8.5168697e+00
   7.9925497e+00
   9.1157486e+00
   8.9817666e+00
   9.1512041e+00
   7.9116611e+00
   7.5392377e+00
   7.6003341e+00
   8.9404504e+00
   8.1344868e+00
   7.8922437e+00
   7.6066213e+00
   9.1202196e+00
   8.4010390e+00
   8.0721798e+00
   7.5264424e+00
   8.2381272e+00
   7.4974340e+00
   6.6049623e+00
   9.0942123e+00
   8.2667835e+00
   7.2877760e+00
   6.7638898e+00
   8.3861247e+00
   8.0573806e+00
   8.2706575e+00
   9.6978554e+00
   7.5049742e+00
   7.8267142e+00
   6.6526751e+00
   6.6926567e+00
   7.1227589e+00
   7.2060816e+00
   7.8747249e+00
   8.2615890e+00
   7.8897738e+00
   8.9702796e+00
   8.6636063e+00
   6.2324540e+00
   7.3781229e+00
   6.9414130e+00
   7.8269243e+00
   6.3063567e+00
   6.5634102e+00
   8.1859848e+00
   7.0990803e+00
   6.6624970e+00
   9.2823347e+00
   6.3744935e+00
   7.3686733e+00
   5.9999743e+00
   6.6039965e+00
   8.6603399e+00
   7.2701045e+00
   8.3509904e+00
   8.2613974e+00
   7.7166255e+00
   6.6082749e+00
   6.1502457e+00
   6.6676379e+00
   6.0578517e+00
   6.1201871e+00
   5.1636442e+00
   5.2910234e+00
   6.0253246e+00
   5.6107479e+00
   5.9982929e+00
   5.3886596e+00
   5.7112477e+00
   6.3806574e+00
   6.0311886e+00
   6.7657413e+00
   6.0478156e+00
   6.0020113e+00
   5.2841283e+00
   5.6935666e+00
   6.2980262e+00
   5.4719068e+00
   5.5996085e+00
   5.0119309e+00
   5.3997737e+00
   5.6358375e+00
   5.4818225e+00
   5.0893291e+00
   4.6535576e+00
   3.7842082e+00
   5.0175812e+00
   3.3462768e+00
   5.0998955e+00
   4.9893373e+00
   5.2690023e+00
   4.8983905e+00
   3.5306020e+00
   4.6124370e+00
   4.4152958e+00
   5.8656785e+00
   5.4083853e+00
   5.0813163e+00
   4.0821719e+00
   4.7306521e+00
   4.9454574e+00
   4.2282877e+00
   4.2481432e+00
   3.1407239e+00
   4.1794300e+00
   4.7412617e+00
   5.3031196e+00
   3.6323037e+00
   5.1480144e+00
   4.1708519e+00
   3.9308166e+00
   4.2327090e+00
   4.4262294e+00
   4.6630777e+00
   5.2901536e+00
   4.5516571e+00
   4.7019880e+00
   4.2452462e+00
   4.7424318e+00
   3.1586448e+00
   4.2844848e+00
   3.4160521e+00
   3.5448467e+00
   3.1750688e+00
   4.0408185e+00
   3.2158958e+00
   3.0630005e+00
   4.7959327e+00
   3.8843925e+00
   4.2517798e+00
   3.8821948e+00
   4.0979374e+00
   3.4032078e+00
   3.2505060e+00
   5.2004322e+00
   4.4407865e+00
   3.5944693e+00
   4.7207803e+00
   4.5465193e+00
   3.7435865e+00
   3.7861817e+00
   3.7420049e+00
   3.4378560e+00
   2.8735349e+00
   4.5636415e+00
   5.0614760e+00
   3.7385390e+00
   4.0197307e+00
   4.4093516e+00
   4.1704019e+00
   4.3432815e+00
   2.8253909e+00
   3.8654302e+00
   3.6915997e+00
   3.4093997e+00
   3.1055305e+00
   3.9505921e+00
   3.8852851e+00
   4.2968098e+00
   3.4078666e+00
   3.7544561e+00
   3.6025780e+00
   4.7296323e+00
   3.4505187e+00
   2.8218374e+00
   4.2090882e+00
   3.5804714e+00
   4.0139870e+00
   3.5805350e+00
   3.4072154e+00
   3.4506284e+00
   4.2311739e+00
   1.8902524e+00
   2.3239636e+00
   2.4326075e+00
   2.8447839e+00
   3.2135927e+00
   3.8859345e+00
   2.7808096e+00
   1.8924185e+00
   2.4130615e+00
   2.6737389e+00
   3.1294511e+00
   2.5229988e+00
   2.7403823e+00
   2.9144017e+00
   2.5032569e+00
   3.0241479e+00
   3.2849748e+00
   3.0690377e+00
   2.5712368e+00
   3.0706721e+00
   3.5484435e+00
   2.8773515e+00
   2.3146967e+00
   3.6162797e+00
   2.2516010e+00
   1.9708607e+00
   3.7061588e+00
   2.2982956e+00
   2.4078711e+00
   2.9942859e+00
   2.6704409e+00
   3.3437362e+00
   2.5213721e+00
   2.3059494e+00
   2.1989686e+00
   1.8536307e+00
   1.8334367e+00
   2.5502856e+00
   1.7064764e+00
   2.7486086e+00
   2.3600813e+00
   2.3401943e+00
   3.4040473e+00
   3.0373397e+00
   3.2993707e+00
   2.8893403e+00
   1.4822482e+00
   3.5000943e+00
   3.4370787e+00
   2.6587007e+00
   1.6419597e+00
   2.2943551e+00
   3.2285864e+00
   2.7755536e+00
   3.9049568e+00
   2.8233958e+00
   2.6088706e+00
   4.1285810e+00
   2.9387269e+00
   2.7676085e+00
   2.5750258e+00
   1.7536782e+00
   3.2952653e+00
   2.6691866e+00
   2.4549418e+00
   2.7610305e+00
   2.9153525e+00
   1.1405072e+00
   3.3325941e+00
   6.0401340e-01
   2.9911651e+00
   3.5575493e+00
   1.4360660e+00
   2.3277151e+00
   1.9186963e+00
   2.3768094e+00
   2.5098545e+00
   2.2310315e+00
   2.6025404e+00
   3.4292810e+00
   4.1925332e-01
   2.4383573e+00
   1.9428931e+00
   1.8810608e+00
   1.3856605e+00
   8.2529187e-01
   1.4138543e+00
   2.1107473e+00
   1.7022706e+00
   2.1608238e+00
   3.0529069e+00
   1.7557194e+00
   3.3849612e+00
   2.8248318e+00
   2.5682310e+00
   1.5962587e+00
   1.7732146e+00
   2.2103984e+00
   1.3035096e+00
   1.5672477e+00
   1.3975123e+00
   2.4851036e+00
   2.4238218e+00
   2.1457670e+00
   3.7102393e+00
   4.1042388e+00
   2.8074655e+00
   1.1421194e+00
   2.4683009e+00
   3.0358097e+00
   1.5874456e+00
   2.1333086e+00
   1.3568984e+00
   1.0791152e+00
   1.7334588e+00
   2.1494294e+00
   2.2836267e+00
   2.2660509e+00
   2.3352019e+00
   9.0867960e-01
   2.2351842e+00
   1.8926155e+00
   1.0947733e+00
   1.5759577e+00
   2.7508683e+00
   2.4084053e+00
   1.4155690e+00
   1.9619592e+00
   1.5761761e+00
   1.6889197e+00
   3.3842902e+00
   2.8901877e+00
   2.7213124e+00
   3.5278639e+00
   2.4702419e+00
   5.2394595e-01
   1.6774758e+00
   3.0477311e+00
   2.5972119e+00
   1.4964177e+00
   1.9130481e+00
   1.3758032e+00
   2.1392827e+00
   2.1874867e+00
   2.4307148e+00
   2.5656670e+00
   1.8335430e+00
   2.7922425e+00
   2.0601652e+00
   2.6937112e+00
   5.0928020e-01
   3.0938721e+00
   2.9470868e+00
   2.9955242e+00
   1.6348841e+00
   2.3553666e+00
   2.3821715e+00
   1.9970987e+00
   1.9805478e+00
   2.4409186e+00
   2.5545108e+00
   2.3863243e+00
   2.1314589e+00
   2.2017141e+00
   2.2069897e+00
   2.0604859e+00
   1.5673026e+00
   2.4180401e+00
   3.6372984e+00
   3.6209773e+00
   3.2795770e+00
   3.1548973e+00
   2.4883383e+00
   2.3203999e+00
   4.8338229e-01
   1.1608853e+00
   2.1418088e+00
   6.9505305e-01
   2.9550180e+00
   2.4186038e+00
   1.5355105e+00
   2.7333380e+00
   1.7418860e+00
   2.0726544e+00
   1.7749429e+00
   1.8022515e+00
   2.0464802e+00
   3.8297286e+00
   1.3425968e+00
   1.7385846e+00
   1.4842920e+00
   2.2488190e+00
   2.4280654e+00
   2.1304313e+00
   2.6783163e+00
   2.7058205e+00
   2.4733436e+00
   2.4358856e+00
   1.7915468e+00
   2.5129270e+00
   3.2125262e+00
   2.8500446e+00
   2.2274821e+00
   2.4719388e+00
   2.2613148e+00
   1.9205099e+00
   3.0755241e+00
   2.0845572e+00
   3.0011091e+00
   2.3352799e+00
   2.3848693e+00
   3.4965774e+00
   3.3294039e+00
   3.0104490e+00
   2.7349127e+00
   3.3698952e+00
   1.5769967e+00
   2.1035170e+00
   1.6980560e+00
   2.9183138e+00
   1.5589902e+00
   1.9772855e+00
   1.9619997e+00
   2.5754329e+00
   1.6930851e+00
   2.9568565e+00
   1.3158472e+00
   2.7747575e+00
   2.0225877e+00
   3.1129373e+00
   2.6860058e+00
   2.3023929e+00
   1.5285983e+00
   3.7680216e+00
   2.6257628e+00
   1.8087215e+00
   3.9396974e+00
   1.9303902e+00
   3.4328999e+00
   2.0739263e+00
   1.6687692e+00
   3.3013282e+00
   2.1159031e+00
   2.2960934e+00
   1.6742988e+00
   1.6594193e+00
   2.7284550e+00
   2.6269057e+00
   2.2868715e+00
   1.8168522e+00
   8.0494775e-01
   2.4376581e+00
   1.8809833e+00
   9.7752299e-01
   6.8097709e-01
   2.1619453e+00
   2.6025275e+00
   2.1976236e+00
   2.4214334e+00
   1.4096569e+00
   2.0669940e+00
   2.1173443e+00
   3.4901078e+00
   1.4594842e+00
   2.0518735e+00
   3.1211753e+00
   1.8492895e+00
   1.8998157e+00
   1.5384538e+00
   1.9141036e+00
   2.7232652e+00
   2.2102385e+00
   1.6104234e+00
   1.8561198e+00
   2.0367278e+00
   4.4934472e+00
   2.1595781e+00
   1.9717202e+00
   2.0222731e+00
   2.5931364e+00
   1.4516097e+00
   2.5209928e+00
   2.3982858e+00
   1.1699883e+00
   1.3724003e+00
   2.7237215e+00
   3.6197513e+00
   2.0879896e+00
   2.1821362e+00
   2.9697908e+00
   3.1939528e+00
   2.5076218e+00
   3.0352973e+00
   3.2810796e+00
   2.3780692e+00
   3.2958663e+00
   2.6312712e+00
   2.4652841e+00
   1.0420050e+00
   3.7157343e+00
   1.6638722e+00
   3.0803188e+00
   1.6787739e+00
   2.6183377e+00
   2.6041099e+00
   3.2618910e+00
   2.9225811e+00
   2.0196804e+00
   1.9404891e+00
   2.9234072e+00
   3.6029345e+00
   2.1364712e+00
   2.7943173e+00
   3.8423728e+00
   3.2429376e+00
   4.0092116e+00
   2.6944948e+00
   3.4607874e+00
   2.2978896e+00
   2.4355016e+00
   2.7033235e+00
   1.1068555e+00
   2.0031977e+00
   2.4444504e+00
   2.7555137e+00
   2.0695875e+00
   2.3156716e+00
   3.1687659e+00
   3.9785702e+00
   1.9702846e+00
   3.4520091e+00
   2.3109436e+00
   3.2940880e+00
   2.0012422e+00
   2.6160063e+00
   2.2335802e+00
   2.7615639e+00
   2.9644573e+00
   2.2569603e+00
   3.3052728e+00
   2.1858945e+00
   2.8223256e+00
   2.8084663e+00
   3.0548167e+00
   2.9542770e+00
   2.7236470e+00
   2.9266270e+00
   2.1108169e+00
   1.9670169e+00
   2.4951270e+00
   2.5464472e+00
   2.5109774e+00
   3.0608177e+00
   2.7869682e+00
   2.7516289e+00
   3.1498000e+00
   2.5941814e+00
   3.3608732e+00
   3.4772751e+00
   3.3117873e+00
   2.2360097e+00
   2.8509422e+00
   2.5121847e+00
   2.9971372e+00
   3.5687996e+00
   3.5985718e+00
   3.0863541e+00
   3.0294464e+00
   2.9725487e+00
   3.2407611e+00
   2.7936834e+00
   2.4333159e+00
   4.1755584e+00
   3.2733109e+00
   2.8045734e+00
   3.7015457e+00
   3.0377277e+00
   4.3898194e+00
   3.9428208e+00
   3.0406319e+00
   4.1543527e+00
   3.4038830e+00
   3.2604228e+00
   2.8567720e+00
   3.2552306e+00
   2.9166984e+00
   2.6648753e+00
   2.5213611e+00
   3.7869556e+00
   2.7113591e+00
   3.2616717e+00
   3.4649935e+00
   2.7147247e+00
   2.8097654e+00
   2.0810155e+00
   2.9998754e+00
   3.2033452e+00
   4.0137248e+00
   2.8732141e+00
   3.5536133e+00
   2.7817221e+00
   2.8768408e+00
   2.6684693e+00
