8005  0  0.197696
8015  0  0.199494
8025  0  0.201237
8035  0  0.202938
8045  0  0.204636
8055  0  0.206396
8065  0  0.208121
8075  0  0.209774
8085  0  0.211443
8095  0  0.213045
8105  0  0.214559
8115  0  0.216068
8125  0  0.217614
8135  0  0.21915
8145  0  0.220585
8155  0  0.222098
8165  0  0.223622
8175  0  0.225033
8185  0  0.226526
8195  0  0.227935
8205  0  0.229346
8215  0  0.230646
8225  0  0.231876
8235  0  0.233212
8245  0  0.234466
8255  0  0.23575
8265  0  0.236946
8275  0  0.238108
8285  0  0.239293
8295  0  0.240337
8305  0  0.241438
8315  0  0.242549
8325  0  0.243537
8335  0  0.244544
8345  0  0.245524
8355  0  0.246485
8365  0  0.247427
8375  0  0.248276
8385  0  0.249134
8395  0  0.24998
8405  0  0.250749
8415  0  0.251605
8425  0  0.252415
8435  0  0.253224
8445  0  0.253984
8455  0  0.254608
8465  0  0.255303
8475  0  0.255925
8485  0  0.256586
8495  1.55727  0.276817
8505  2.00736  0.282788
8515  1.44488  0.276491
8525  1.40858  0.276572
8535  1.41582  0.277225
8545  1.4566  0.2782
8555  0.847806  0.271298
8565  1.27003  0.27698
8575  1.19783  0.276572
8585  1.34658  0.278768
8595  0.870997  0.27337
8605  0.914016  0.274195
8615  1.56254  0.282309
8625  0.712885  0.272294
8635  0.864342  0.274359
8645  1.59778  0.283426
8655  2.64316  0.295745
8665  2.40422  0.293215
8675  2.03727  0.289105
8685  2.13325  0.290352
8695  1.20758  0.279577
8705  0.683173  0.27337
8715  0.798331  0.274853
8725  0.614922  0.272626
8735  0.87429  0.275919
8745  0.382893  0.269879
8755  1.46319  0.282948
8765  2.04662  0.289807
8775  2.13345  0.29074
8785  1.58197  0.284301
8795  1.95142  0.288636
8805  1.713  0.285806
8815  1.64074  0.284936
8825  1.2666  0.280463
8835  1.02245  0.277388
8845  1.72928  0.285727
8855  1.42999  0.282069
8865  2.11481  0.289963
8875  2.47938  0.29406
8885  1.98246  0.288245
8895  1.73784  0.285253
8905  0.832061  0.274195
8915  1.21542  0.278687
8925  0.474795  0.269461
8935  0.989251  0.275673
8945  1.06113  0.276409
8955  0.812297  0.273205
8965  0.953939  0.274853
8975  1.70411  0.283745
8985  1.16574  0.277143
8995  1.93891  0.286201
9005  1.43605  0.280141
9015  1.68409  0.282948
9025  1.20402  0.277062
9035  1.85728  0.284777
9045  1.53171  0.280866
9055  1.79305  0.283904
9065  2.3467  0.290274
9075  2.19795  0.288401
9085  3.09128  0.298556
9095  2.34552  0.289963
9105  2.0654  0.286595
9115  1.74535  0.282788
9125  1.57373  0.280705
9135  1.93739  0.284936
9145  1.90715  0.28446
9155  1.54323  0.280061
9165  1.43697  0.278687
9175  1.67493  0.281428
9185  1.53487  0.279738
9195  1.16047  0.275099
9205  1.14789  0.274853
9215  0.988131  0.272792
9225  1.44481  0.278363
9235  0.916585  0.271879
9245  1.37373  0.277306
9255  0.840691  0.270714
9265  1.23024  0.275427
9275  1.49231  0.278525
9285  1.29809  0.276082
9295  1.59679  0.279577
9305  1.42228  0.277469
9315  1.29665  0.275837
9325  1.51049  0.278363
9335  1.35442  0.276409
9345  1.41793  0.277143
9355  0.82409  0.269796
9365  0.577568  0.266597
9375  1.64021  0.279657
9385  1.68593  0.280141
9395  2.0814  0.284777
9405  1.67302  0.279819
9415  1.73646  0.280544
9425  1.19862  0.273865
9435  1.34902  0.275591
9445  1.26884  0.274442
9455  1.1666  0.273122
9465  1.45627  0.276654
9475  1.2811  0.274442
9485  1.33914  0.275099
9495  1.36325  0.275263
9505  1.31852  0.274606
9515  1.69245  0.279011
9525  1.65233  0.278525
9535  1.82803  0.280544
9545  1.41398  0.275427
9555  1.47762  0.276082
9565  1.92086  0.281267
9575  1.86914  0.280463
9585  0.995509  0.269628
9595  1.96987  0.281348
9605  2.04965  0.282149
9615  1.36252  0.273783
9625  1.05045  0.269879
9635  1.09532  0.270297
9645  1.70332  0.277713
9655  1.16337  0.271048
9665  1.43921  0.274359
9675  1.10638  0.27013
9685  1.71274  0.277469
9695  1.25639  0.271796
9705  1.8561  0.279011
9715  1.82961  0.278525
9725  1.7076  0.276899
9735  1.89701  0.279092
9745  3.05563  0.292598
9755  3.45796  0.297116
9765  3.70561  0.299839
9775  3.25308  0.294597
9785  3.02112  0.291903
9795  2.30988  0.283426
9805  1.24302  0.270297
9815  1.37175  0.271796
9825  0.631918  0.262328
9835  1.07937  0.267864
9845  0.746549  0.26353
9855  1.08043  0.267611
9865  1.07173  0.267273
9875  0.904793  0.264983
9885  1.44685  0.27163
9895  1.82217  0.276082
9905  2.13345  0.279819
9915  1.94839  0.277469
9925  1.96012  0.27755
9935  1.97679  0.277632
9945  2.67564  0.285885
9955  3.08014  0.290507
9965  3.44393  0.294597
9975  2.6064  0.284777
9985  2.81359  0.287146
9995  2.45909  0.282868
10005  1.85287  0.275509
10015  1.42175  0.27013
10025  1.60799  0.272294
10035  1.80616  0.274606
10045  3.2822  0.29198
10055  5.05146  0.311581
10065  4.75296  0.30823
10075  5.04145  0.311219
10085  3.59387  0.295057
10095  3.20044  0.290429
10105  2.49849  0.282069
10115  2.81834  0.285727
10125  2.5672  0.282629
10135  2.80569  0.285332
10145  3.08469  0.288479
10155  3.1227  0.28887
10165  3.39597  0.291903
10175  3.83809  0.296812
10185  3.18627  0.289183
10195  3.29419  0.290274
10205  2.46147  0.280302
10215  2.45896  0.280141
10225  2.10552  0.275755
10235  2.73058  0.283108
10245  3.85476  0.29605
10255  4.24417  0.300365
10265  4.24325  0.300215
10275  3.13067  0.287382
10285  2.81899  0.283586
10295  2.54118  0.280222
10305  2.19689  0.275919
10315  3.12777  0.28691
10325  2.55113  0.27998
10335  2.77519  0.282469
10345  2.20322  0.275427
10355  2.60963  0.280141
10365  2.73889  0.281508
10375  3.28859  0.287931
10385  3.33529  0.288323
10395  3.33628  0.288323
10405  2.86597  0.282708
10415  2.70502  0.280624
10425  2.66688  0.280061
10435  2.90273  0.282788
10445  2.79567  0.281428
10455  3.30341  0.287382
10465  2.96821  0.283347
10475  2.66207  0.279657
10485  3.50461  0.289495
10495  3.0219  0.283824
10505  3.37061  0.287853
10515  3.25314  0.286437
10525  2.60713  0.278606
10535  2.16184  0.27304
10545  2.37147  0.275509
10555  2.88198  0.281588
10565  2.69731  0.279334
10575  2.59856  0.278038
10585  2.08898  0.271713
10595  2.03424  0.270965
10605  1.85985  0.268789
10615  2.00334  0.270548
10625  1.524  0.264385
10635  1.90419  0.269041
10645  2.32457  0.274195
10655  2.03239  0.270464
10665  2.22614  0.272792
10675  2.32681  0.273948
10685  1.63336  0.265238
10695  1.161  0.259124
10705  1.74594  0.266512
10715  1.55766  0.264044
10725  2.0515  0.270214
10735  1.97771  0.269209
10745  1.26963  0.260167
10755  1.73435  0.266003
10765  1.89674  0.267948
10775  1.97613  0.268873
10785  2.6678  0.277306
10795  2.83626  0.279253
10805  2.66885  0.277143
10815  2.23154  0.271713
10825  2.43399  0.274112
10835  2.77169  0.2782
10845  3.05432  0.281508
10855  3.60646  0.288009
10865  3.69579  0.289027
10875  3.80475  0.290274
10885  3.91602  0.291516
10895  4.71356  0.300516
10905  4.00154  0.292444
10915  3.72524  0.289183
10925  3.35203  0.284857
10935  3.20841  0.283108
10945  2.86669  0.279011
10955  2.59243  0.275673
10965  2.8132  0.278282
10975  4.05233  0.292829
10985  4.37988  0.296507
10995  5.20318  0.305656
11005  5.57303  0.309619
11015  5.68701  0.310783
11025  4.77872  0.300741
11035  3.79665  0.289495
11045  3.75462  0.289027
11055  3.57141  0.28691
11065  3.54874  0.286595
11075  2.91353  0.279011
11085  2.89812  0.278768
11095  2.43913  0.273122
11105  1.93575  0.26685
11115  2.24136  0.270631
11125  2.65957  0.275755
11135  2.67834  0.275919
11145  2.15018  0.269293
11155  2.90754  0.278525
11165  2.36106  0.271796
11175  2.73243  0.276328
11185  2.49882  0.273453
11195  1.92336  0.266258
11205  2.00169  0.267189
11215  3.13403  0.281026
11225  4.79598  0.300215
11235  4.63286  0.298329
11245  4.14252  0.292675
11255  3.00794  0.279334
11265  2.37879  0.27163
11275  1.89846  0.265578
11285  1.13735  0.255703
11295  1.6802  0.262672
11305  1.88436  0.265153
11315  2.04063  0.267104
11325  3.03277  0.279253
11335  3.9265  0.289729
11345  4.27698  0.293753
11355  4.40433  0.29521
11365  4.59782  0.29742
11375  4.8728  0.300516
11385  4.19661  0.292829
11395  4.21934  0.292984
11405  3.28213  0.281829
11415  2.72795  0.275017
11425  1.72816  0.2625
11435  2.14248  0.267611
11445  1.90254  0.264556
11455  2.14096  0.267527
11465  2.2523  0.268873
11475  2.88323  0.276491
11485  2.52504  0.271962
11495  1.74417  0.26207
11505  2.36765  0.269796
11515  2.72268  0.274112
11525  2.52102  0.271464
11535  2.88619  0.275919
11545  2.7819  0.274606
11555  2.23675  0.26778
11565  2.23714  0.267695
11575  2.35092  0.269041
11585  2.41733  0.269796
11595  2.25533  0.267695
11605  2.84284  0.274853
11615  2.90207  0.275509
11625  2.14689  0.266088
11635  2.36792  0.268873
11645  2.50593  0.270631
11655  1.38703  0.256321
11665  1.26674  0.25473
11675  2.00946  0.2643
11685  1.41978  0.256673
11695  1.56431  0.258513
11705  2.10921  0.265493
11715  2.22239  0.266935
11725  2.06658  0.264897
11735  1.59152  0.258775
11745  2.06026  0.264812
11755  2.21955  0.266766
11765  2.20928  0.266597
11775  2.09774  0.265153
11785  2.84713  0.274442
11795  3.22225  0.27893
11805  3.43833  0.281428
11815  3.19866  0.278525
11825  3.37351  0.280624
11835  3.15907  0.277957
11845  2.69448  0.272211
11855  1.94965  0.262844
11865  2.02132  0.263616
11875  1.85254  0.26138
11885  1.98733  0.263101
11895  1.80128  0.260688
11905  1.91835  0.26207
11915  2.18029  0.265323
11925  2.49559  0.269209
11935  2.79805  0.272874
11945  2.06283  0.263616
11955  3.26243  0.278363
11965  3.31566  0.27893
11975  2.32622  0.266766
11985  2.68572  0.271214
11995  2.44065  0.268117
12005  2.14445  0.2643
12015  1.71775  0.258862
12025  2.23899  0.265493
12035  2.38847  0.267358
12045  2.16935  0.264556
12055  2.93303  0.27403
12065  2.83513  0.272792
12075  2.41351  0.267527
12085  2.72354  0.271381
12095  1.93087  0.26138
12105  2.33287  0.266512
12115  2.21468  0.264897
12125  2.9912  0.274524
12135  3.11242  0.276
12145  3.57575  0.281588
12155  3.80087  0.284301
12165  3.54749  0.281267
12175  2.91228  0.273535
12185  3.45124  0.280061
12195  3.42252  0.279738
12205  2.72367  0.271214
12215  2.74033  0.271464
12225  2.30981  0.266088
12235  2.23069  0.265068
12245  2.1575  0.264129
12255  2.65667  0.270381
12265  2.2772  0.265578
12275  2.8406  0.272626
12285  2.80891  0.272211
12295  2.33504  0.266258
12305  2.80582  0.272129
12315  2.61589  0.269796
12325  2.52247  0.268621
12335  2.40204  0.267104
12345  2.44684  0.267695
12355  2.97421  0.274277
12365  3.34801  0.278768
12375  2.79172  0.271963
12385  2.73783  0.271298
12395  2.74613  0.271381
12405  3.18166  0.276736
12415  2.91162  0.273535
12425  2.96907  0.274277
12435  2.64059  0.270214
12445  2.48215  0.268285
12455  2.26514  0.265578
12465  1.98522  0.261984
12475  2.08832  0.263273
12485  2.00841  0.262328
12495  2.51905  0.268789
12505  2.27424  0.265748
12515  2.84805  0.272957
12525  2.46278  0.268201
12535  2.25757  0.265748
12545  2.20243  0.265068
12555  2.22713  0.265408
12565  3.15999  0.27698
12575  3.30637  0.278768
12585  3.27995  0.278444
12595  3.71252  0.283665
12605  3.79237  0.284698
12615  3.2733  0.278606
12625  3.25044  0.278281
12635  2.67175  0.271131
12645  2.54975  0.269628
12655  2.63256  0.270631
12665  2.31212  0.266597
12675  2.91182  0.27403
12685  2.86636  0.273453
12695  2.62241  0.270381
12705  2.80463  0.272626
12715  1.88047  0.260947
12725  3.0642  0.275755
12735  2.71603  0.271464
12745  3.26309  0.278119
12755  2.91557  0.273865
12765  2.63242  0.270381
12775  2.20717  0.265068
12785  2.5929  0.269963
12795  2.51134  0.268957
12805  2.71767  0.271547
12815  2.24301  0.265663
12825  2.30125  0.266427
12835  2.29466  0.266342
12845  2.38432  0.267527
12855  2.75338  0.272129
12865  2.64039  0.270715
12875  2.43564  0.268201
12885  2.47537  0.268705
12895  2.31554  0.266681
12905  2.27647  0.266258
12915  1.53361  0.256761
12925  2.00248  0.262758
12935  2.79113  0.272626
12945  2.16198  0.264727
12955  2.28346  0.266258
12965  2.997  0.275181
12975  3.28523  0.278687
12985  3.43556  0.280463
12995  3.8452  0.285253
13005  3.88394  0.285727
13015  3.68492  0.283426
13025  3.13897  0.276817
13035  3.04727  0.275673
13045  3.08792  0.276164
13055  3.54987  0.281749
13065  3.12962  0.276654
13075  3.17817  0.277225
13085  3.54644  0.281588
13095  3.41916  0.280061
13105  3.14582  0.276817
13115  2.93501  0.274277
13125  2.6039  0.270214
13135  2.56424  0.269712
13145  3.06466  0.275837
13155  2.70384  0.271464
13165  3.01097  0.275263
13175  3.75936  0.284301
13185  3.52206  0.281508
13195  3.27673  0.278606
13205  3.22765  0.278038
13215  3.6309  0.282948
13225  2.83579  0.273288
13235  2.64336  0.270881
13245  2.73025  0.271963
13255  2.82611  0.273122
13265  3.05735  0.276
13275  2.89482  0.27403
13285  2.80068  0.272874
13295  2.96426  0.274853
13305  3.43247  0.280544
13315  3.38141  0.27998
13325  2.89713  0.274112
13335  3.19181  0.277713
13345  2.90774  0.274277
13355  2.99786  0.275345
13365  3.54736  0.281909
13375  3.39393  0.280061
13385  3.16381  0.277225
13395  3.43682  0.280463
13405  3.83183  0.285174
13415  4.12322  0.288558
13425  2.95029  0.274524
13435  2.92816  0.274195
13445  3.07085  0.276
13455  3.22633  0.277875
13465  3.16341  0.277062
13475  3.14681  0.276817
13485  3.13588  0.276654
13495  3.88025  0.285569
13505  4.29371  0.290352
13515  3.94738  0.286201
13525  3.59071  0.281909
13535  3.45579  0.280222
13545  3.43741  0.279899
13555  3.06874  0.275427
13565  3.21441  0.277143
13575  2.9773  0.274195
13585  3.56001  0.281187
13595  3.39254  0.279092
13605  3.36257  0.278687
13615  3.27416  0.27755
13625  3.8346  0.284142
13635  3.97235  0.285727
13645  4.13843  0.287617
13655  4.24318  0.288714
13665  3.85317  0.284063
13675  3.04839  0.274359
13685  3.20848  0.276327
13695  2.97361  0.27337
13705  3.14945  0.275509
13715  3.05577  0.274359
13725  3.22791  0.276491
13735  3.41646  0.278687
13745  3.03468  0.27403
13755  3.06822  0.274442
13765  3.06446  0.274359
13775  2.75687  0.270548
13785  3.08475  0.274524
13795  4.37455  0.289807
13805  4.90521  0.295821
13815  5.05278  0.297495
13825  5.20114  0.29916
13835  5.26465  0.299839
13845  4.14687  0.286988
13855  4.38278  0.289651
13865  3.79276  0.282708
13875  3.26652  0.276409
13885  3.67596  0.281267
13895  4.06307  0.285806
13905  3.92018  0.284063
13915  4.22533  0.287617
13925  3.29379  0.276572
13935  3.57352  0.27998
13945  3.62246  0.280544
13955  4.2277  0.287696
13965  4.75527  0.293753
13975  5.22934  0.299085
13985  5.12129  0.297799
13995  3.98381  0.284619
14005  3.98612  0.284698
14015  3.52457  0.279172
14025  4.26591  0.287853
14035  4.06531  0.28549
14045  4.44846  0.289963
14055  4.0155  0.284857
14065  3.88658  0.283267
14075  3.81266  0.282389
14085  4.27105  0.287774
14095  4.06761  0.285411
14105  4.27349  0.287774
14115  4.52087  0.290585
14125  4.82029  0.293984
14135  4.96035  0.295592
14145  4.69967  0.292598
14155  4.06491  0.285253
14165  4.06037  0.285173
14175  3.66482  0.280463
14185  3.46448  0.278038
14195  3.39432  0.277143
14205  3.72807  0.281187
14215  3.4797  0.278119
14225  3.80699  0.281909
14235  3.42193  0.277225
14245  3.13232  0.2737
14255  3.13957  0.273783
14265  3.26401  0.275263
14275  3.72899  0.280866
14285  4.75164  0.292829
14295  4.4598  0.289495
14305  5.10397  0.296964
14315  4.01432  0.284301
14325  3.28108  0.275509
14335  3.59802  0.279334
14345  3.61285  0.279496
14355  3.52819  0.278444
14365  3.13726  0.2737
14375  3.89455  0.282788
14385  4.39346  0.288636
14395  4.66745  0.291825
14405  4.02506  0.284381
14415  4.40209  0.288714
14425  3.88045  0.282629
14435  4.64433  0.291593
14445  4.53457  0.290352
14455  4.60163  0.291051
14465  5.03664  0.295974
14475  4.67568  0.291825
14485  4.00279  0.283983
14495  3.47522  0.277713
14505  3.19082  0.274195
14515  3.4411  0.277225
14525  3.15999  0.273865
14535  3.18977  0.274277
14545  2.84126  0.269963
14555  2.74732  0.268789
14565  3.66588  0.27998
14575  3.7504  0.280946
14585  3.94587  0.283267
14595  3.96715  0.283506
14605  3.82603  0.281909
14615  3.8288  0.281909
14625  4.13086  0.28549
14635  4.16479  0.285964
14645  3.79902  0.281668
14655  4.11762  0.28549
14665  4.35077  0.288245
14675  4.63108  0.291438
14685  4.43404  0.289105
14695  4.18817  0.286201
14705  3.76549  0.281187
14715  4.79697  0.293215
14725  4.12981  0.285411
14735  4.34516  0.287853
14745  4.05898  0.284539
14755  4.84229  0.293599
14765  4.68774  0.291748
14775  4.25919  0.286753
14785  4.30827  0.287303
14795  4.39504  0.288323
14805  4.32178  0.28746
14815  4.85059  0.293599
14825  4.32395  0.28746
14835  4.32909  0.287539
14845  4.54386  0.289963
14855  4.55394  0.29004
14865  4.07341  0.28446
14875  4.62002  0.290818
14885  5.29179  0.298405
14895  4.61475  0.29074
14905  3.52167  0.277794
14915  4.54234  0.289963
14925  4.66343  0.291283
14935  4.41869  0.288323
14945  3.73848  0.280302
14955  4.45611  0.288792
14965  3.7392  0.280302
14975  3.6973  0.279819
14985  4.03191  0.283824
14995  3.27963  0.274771
15005  3.64387  0.279172
15015  3.67846  0.279577
15025  3.71068  0.279899
15035  4.30926  0.287067
15045  4.30682  0.286988
15055  4.415  0.288166
15065  3.78011  0.280624
15075  3.3988  0.276
15085  3.74052  0.280141
15095  4.01768  0.283426
15105  5.4476  0.299839
15115  5.8295  0.3041
15125  5.86462  0.304472
15135  6.0083  0.306025
15145  5.96712  0.305508
15155  6.03775  0.306246
15165  5.57712  0.301116
15175  4.87681  0.293138
15185  4.54518  0.289261
15195  3.96662  0.282469
15205  4.20642  0.285253
15215  3.83381  0.280785
15225  3.85792  0.281026
15235  4.16176  0.284619
15245  3.70817  0.279253
15255  3.8371  0.280785
15265  3.41257  0.275591
15275  3.50566  0.276736
15285  3.52549  0.27698
15295  4.34932  0.286753
15305  4.25952  0.285569
15315  4.32066  0.286201
15325  4.12691  0.283904
15335  4.60664  0.289417
15345  4.31605  0.285964
15355  4.40887  0.287067
15365  4.31453  0.285885
15375  4.12401  0.283586
15385  4.4596  0.287539
15395  4.16597  0.284063
15405  3.97848  0.281829
15415  4.70032  0.290274
15425  4.39062  0.286674
15435  4.34161  0.286043
15445  4.1132  0.283267
15455  4.05642  0.282549
15465  3.81589  0.279657
15475  4.27481  0.285094
15485  4.54735  0.288245
15495  4.88953  0.292212
15505  5.12835  0.294904
15515  5.11958  0.294751
15525  5.24258  0.296126
15535  5.37513  0.297571
15545  5.0174  0.293446
15555  4.29187  0.285015
15565  4.03513  0.281989
15575  4.59854  0.288636
15585  4.57048  0.288323
15595  4.67298  0.289495
15605  4.3893  0.286122
15615  4.60829  0.288636
15625  5.38152  0.297495
15635  4.55242  0.287931
15645  4.31177  0.285015
15655  5.59405  0.299688
15665  5.16794  0.294904
15675  5.17611  0.29498
15685  4.52699  0.287539
15695  4.72318  0.289807
15705  4.259  0.284301
15715  3.77992  0.278525
15725  4.18857  0.283347
15735  4.56764  0.287774
15745  4.40169  0.285806
15755  4.65302  0.288714
15765  4.10398  0.282229
15775  3.6836  0.277143
15785  4.03296  0.281347
15795  4.24496  0.283824
15805  3.86859  0.279334
15815  4.15023  0.282708
15825  4.58253  0.287774
15835  4.44438  0.286122
15845  3.87755  0.279334
15855  4.90409  0.291438
15865  4.41684  0.285806
15875  5.32315  0.296279
15885  4.58279  0.287774
15895  4.77286  0.289963
15905  4.72944  0.289495
15915  4.15253  0.282708
15925  4.05016  0.281428
15935  4.49939  0.286753
15945  4.53437  0.287146
15955  4.55078  0.287224
15965  4.51283  0.286753
15975  4.33746  0.284698
15985  4.48299  0.286359
15995  4.26763  0.283824
16005  4.33436  0.284539
16015  5.05568  0.292907
16025  4.80573  0.289963
16035  5.10641  0.293446
16045  4.83663  0.290274
16055  4.85554  0.290507
16065  5.79676  0.301266
16075  5.12459  0.293676
16085  4.81825  0.290118
16095  4.86054  0.290507
16105  5.22025  0.294597
16115  5.40734  0.296735
16125  5.74281  0.300516
16135  5.17202  0.29406
16145  5.66316  0.299613
16155  5.63325  0.299311
16165  6.12596  0.304768
16175  5.82641  0.301416
16185  6.36451  0.30735
16195  6.60543  0.309983
16205  6.15594  0.305064
16215  5.03539  0.292521
16225  5.35754  0.296126
16235  5.66698  0.299613
16245  5.23797  0.294827
16255  4.86305  0.290507
16265  5.63423  0.299311
16275  5.49483  0.297799
16285  5.10621  0.293369
16295  5.15937  0.293984
16305  4.88966  0.290895
16315  5.04883  0.292752
16325  5.32065  0.295897
16335  4.84697  0.290507
16345  4.74163  0.289339
16355  5.46459  0.297647
16365  4.25564  0.283665
16375  5.00462  0.292444
16385  4.6187  0.288009
16395  5.02524  0.292752
16405  5.0095  0.292598
16415  4.67351  0.288714
16425  4.87919  0.291051
16435  4.6185  0.288009
16445  5.01141  0.292598
16455  5.91205  0.302836
16465  4.68201  0.28887
16475  4.87108  0.291051
16485  5.29133  0.295897
16495  5.04764  0.293138
16505  5.20378  0.294904
16515  5.7235  0.300741
16525  5.51888  0.29848
16535  4.96312  0.292212
16545  5.1373  0.294214
16555  5.08216  0.293599
16565  4.70368  0.289261
16575  4.58747  0.287853
16585  5.07847  0.293523
16595  5.61269  0.299613
16605  5.12162  0.29406
16615  5.02709  0.293061
16625  5.74241  0.301191
16635  5.95843  0.30358
16645  5.79584  0.30179
16655  5.10384  0.293984
16665  5.37131  0.29704
16675  4.93196  0.292057
16685  5.22235  0.295363
16695  5.21755  0.295286
16705  4.95528  0.292289
16715  4.92827  0.29198
16725  5.08289  0.29383
16735  5.00778  0.292984
16745  4.96622  0.292521
16755  5.70683  0.300891
16765  5.64787  0.300215
16775  5.129  0.294367
16785  5.15904  0.294751
16795  5.22288  0.295439
16805  4.96872  0.292521
16815  5.11925  0.294214
16825  5.38771  0.297192
16835  5.5057  0.29848
16845  5.79722  0.301715
16855  5.70532  0.300666
16865  6.07267  0.304694
16875  5.5279  0.298632
16885  5.82041  0.301865
16895  5.51539  0.298405
16905  5.09237  0.293599
16915  5.47316  0.297875
16925  5.54325  0.298707
16935  4.67233  0.288714
16945  5.48811  0.298026
16955  4.88966  0.291206
16965  5.18072  0.294597
16975  4.80758  0.290352
16985  5.25352  0.295516
16995  5.191  0.294827
17005  5.84393  0.302164
17015  4.9029  0.291516
17025  5.90309  0.302836
17035  5.35761  0.296735
17045  5.53568  0.298707
17055  5.67396  0.300215
17065  5.65512  0.299914
17075  5.9187  0.302836
17085  6.01917  0.303952
17095  5.4138  0.297192
17105  6.56663  0.309983
17115  5.80289  0.301566
17125  5.57679  0.299009
17135  4.92491  0.291516
17145  4.58036  0.28746
17155  5.31333  0.295897
17165  4.83637  0.290352
17175  4.49715  0.286437
17185  5.24291  0.295057
17195  5.35602  0.296355
17205  5.15147  0.293984
17215  5.46394  0.297495
17225  5.91745  0.302537
17235  5.69531  0.300065
17245  5.4889  0.297723
17255  5.8718  0.30194
17265  6.00066  0.303283
17275  5.53423  0.298026
17285  5.86369  0.30164
17295  5.33125  0.295668
17305  5.83563  0.301266
17315  4.96635  0.291361
17325  5.15549  0.293523
17335  4.86555  0.290118
17345  5.2047  0.293984
17355  5.31979  0.295286
17365  4.97063  0.291206
17375  4.47462  0.285332
17385  5.15871  0.293215
17395  4.93294  0.290585
17405  5.38422  0.295668
17415  5.42342  0.29605
17425  5.48014  0.296659
17435  5.20786  0.293523
17445  5.7658  0.299839
17455  5.25424  0.293984
17465  5.45781  0.296202
17475  5.18171  0.293061
17485  5.35299  0.29498
17495  5.87667  0.300816
17505  5.79465  0.299839
17515  6.60082  0.308742
17525  6.63502  0.309035
17535  5.82034  0.299989
17545  6.22491  0.304397
17555  6.44765  0.306835
17565  5.6623  0.298026
17575  5.75315  0.299009
17585  5.54378  0.296583
17595  5.16438  0.292212
17605  5.56994  0.296735
17615  5.32322  0.293907
17625  5.58423  0.296812
17635  5.52817  0.296126
17645  5.90731  0.300365
17655  5.62798  0.297192
17665  5.46005  0.295286
17675  5.81988  0.299311
17685  5.0846  0.290818
17695  5.49622  0.295516
17705  4.96615  0.289417
17715  5.14495  0.291438
17725  5.67317  0.297495
17735  5.49193  0.295363
17745  5.43488  0.294751
17755  5.29377  0.293138
17765  5.61816  0.296888
17775  5.74439  0.298253
17785  5.23711  0.292444
17795  5.08809  0.29074
17805  4.97965  0.289495
17815  5.61197  0.296735
17825  5.33507  0.293523
17835  5.4078  0.294291
17845  5.1319  0.291128
17855  5.33277  0.293446
17865  5.25846  0.292521
17875  5.25753  0.292521
17885  4.91931  0.288558
17895  5.2408  0.292289
17905  4.88465  0.288166
17915  5.62317  0.296583
17925  5.39074  0.293907
17935  5.92766  0.299914
17945  5.29864  0.292752
17955  5.34371  0.293215
17965  5.83293  0.298783
17975  5.09119  0.290274
17985  5.26603  0.292212
17995  5.46565  0.294367
18005  5.21069  0.291361
18015  5.87384  0.298858
18025  5.65295  0.296355
18035  5.70235  0.296812
18045  5.79485  0.297799
18055  6.41893  0.304768
18065  6.38217  0.304323
18075  6.18855  0.302239
18085  6.34284  0.303952
18095  5.85961  0.29848
18105  5.56058  0.295057
18115  5.95533  0.299462
18125  6.21786  0.302388
18135  6.33954  0.303729
18145  6.045  0.300441
18155  5.7239  0.296812
18165  6.14941  0.301566
18175  6.01568  0.300065
18185  5.51545  0.294367
18195  5.04975  0.288949
18205  5.72502  0.296659
18215  5.3327  0.292212
18225  5.39035  0.292829
18235  6.07234  0.300516
18245  5.54642  0.294597
18255  5.41756  0.293138
18265  5.9635  0.299311
18275  5.8075  0.297571
18285  5.15568  0.29004
18295  5.6119  0.295286
18305  5.78029  0.297116
18315  5.57257  0.294751
18325  5.47178  0.293599
18335  5.86284  0.298026
18345  5.87542  0.298178
18355  5.54622  0.294444
18365  5.22631  0.290662
18375  5.21708  0.290585
18385  5.41117  0.292829
18395  5.30181  0.291593
18405  5.05403  0.288714
18415  5.53851  0.294367
18425  5.81988  0.297571
18435  5.42882  0.293138
18445  5.67693  0.295974
18455  5.37559  0.292521
18465  5.38462  0.292598
18475  6.16108  0.301416
18485  5.67436  0.295897
18495  5.90836  0.298556
18505  5.70202  0.296279
18515  5.47336  0.293676
18525  5.82074  0.297571
18535  5.84162  0.297875
18545  4.91674  0.287224
18555  5.15931  0.290118
18565  5.37757  0.292675
18575  5.49319  0.293984
18585  4.9483  0.287696
18595  4.86575  0.286753
18605  5.44707  0.293523
18615  5.08216  0.289339
18625  5.17209  0.290352
18635  5.44292  0.293446
18645  5.38455  0.292752
18655  5.31248  0.291903
18665  4.94039  0.287617
18675  5.84716  0.298026
18685  6.23631  0.302388
18695  5.1128  0.289651
18705  5.63812  0.295668
18715  5.85328  0.298102
18725  5.56934  0.294904
18735  5.87746  0.298329
18745  5.91245  0.298707
18755  5.15648  0.29004
18765  5.71869  0.296431
18775  5.55452  0.294521
18785  5.13276  0.289729
18795  5.28659  0.291516
18805  5.69069  0.29605
18815  5.20575  0.290507
18825  5.09257  0.289183
18835  5.47112  0.293599
18845  5.89294  0.29848
18855  5.48568  0.29383
18865  5.43152  0.293215
18875  5.39463  0.292829
18885  5.31564  0.291903
18895  5.44167  0.293292
18905  5.32381  0.291825
18915  5.69036  0.295974
18925  5.57619  0.294751
18935  4.97116  0.287774
18945  5.38106  0.292521
18955  5.43488  0.293138
18965  5.74234  0.296659
18975  5.34687  0.292135
18985  5.52277  0.294137
18995  5.16543  0.29004
19005  5.49147  0.29383
19015  5.99631  0.299538
19025  5.75374  0.296812
19035  5.52619  0.294214
19045  5.83082  0.297723
19055  5.8129  0.297571
19065  5.70196  0.296279
19075  5.80592  0.297495
19085  5.2748  0.291361
19095  4.94441  0.28746
19105  5.24554  0.290973
19115  5.69181  0.296126
19125  4.96134  0.287696
19135  5.18401  0.290274
19145  5.82509  0.297571
19155  5.80394  0.297343
19165  5.36466  0.292289
19175  5.85085  0.297799
19185  5.92799  0.298707
19195  5.92075  0.298632
19205  5.89406  0.298329
19215  6.16483  0.301341
19225  5.87377  0.298026
19235  5.25048  0.290895
19245  5.74122  0.296507
19255  5.4893  0.293599
19265  5.16642  0.289885
19275  5.73918  0.296431
19285  5.31636  0.291671
19295  5.46051  0.293369
19305  5.23665  0.290818
19315  5.30003  0.291593
19325  5.47599  0.293599
19335  5.15476  0.289885
19345  5.01589  0.288245
19355  5.83273  0.297571
19365  5.39081  0.292521
19375  5.37671  0.292366
19385  5.82898  0.297495
19395  4.86311  0.286359
19405  5.60584  0.294904
19415  5.57185  0.294444
19425  5.72996  0.296126
19435  6.23822  0.30179
19445  5.71138  0.295745
19455  5.43113  0.292521
19465  5.46321  0.292829
19475  5.59003  0.294291
19485  5.43567  0.292444
19495  5.19844  0.289651
19505  5.13553  0.28887
19515  4.95119  0.286674
19525  4.21202  0.277875
19535  5.69755  0.295286
19545  5.0792  0.288088
19555  5.22176  0.289729
19565  5.1267  0.288558
19575  5.35293  0.291051
19585  4.75672  0.284063
19595  5.17308  0.28887
19605  5.16543  0.288714
19615  4.58971  0.281829
19625  5.24304  0.289495
19635  4.66093  0.282708
19645  4.82984  0.284698
19655  5.096  0.287774
19665  5.64326  0.29406
19675  5.08789  0.287539
19685  5.55821  0.292907
19695  5.26531  0.289495
19705  5.28461  0.289651
19715  4.61514  0.281749
19725  4.81541  0.284063
19735  5.1736  0.288245
19745  4.95923  0.285727
19755  5.23197  0.28887
19765  5.06293  0.286831
19775  4.88775  0.284777
19785  5.4169  0.290895
19795  5.75862  0.294751
19805  4.89763  0.284698
19815  5.02867  0.286201
19825  4.89085  0.28446
19835  5.66046  0.293369
19845  5.26076  0.288714
19855  5.35332  0.289729
19865  5.43627  0.290663
19875  5.09817  0.286674
19885  5.13625  0.287067
19895  4.57324  0.280383
19905  5.15917  0.287303
19915  5.60821  0.292521
19925  5.07959  0.286359
19935  4.90099  0.284222
19945  5.59214  0.292212
19955  4.97741  0.285015
19965  5.00871  0.285332
19975  4.77022  0.282469
19985  5.25352  0.288088
19995  5.18836  0.287303
20005  4.99211  0.284936
20015  5.34937  0.289027
20025  4.66672  0.280946
20035  5.13447  0.286437
20045  5.10087  0.286043
20055  5.3661  0.289105
20065  5.88688  0.295057
20075  5.45504  0.290118
20085  5.37368  0.289105
20095  5.27466  0.287931
20105  5.30306  0.288245
20115  5.82996  0.294291
20125  5.30115  0.288166
20135  5.56644  0.291283
20145  5.00937  0.284777
20155  5.13296  0.286201
20165  4.73392  0.281428
20175  5.42487  0.289573
20185  4.84216  0.282708
20195  5.39074  0.289105
20205  5.30213  0.288009
20215  5.22934  0.287146
20225  5.58015  0.291206
20235  5.72956  0.292907
20245  5.91053  0.294904
20255  5.51644  0.290352
20265  5.64398  0.291748
20275  5.3752  0.288558
20285  5.15997  0.286043
20295  5.51816  0.290196
20305  5.10772  0.285332
20315  5.48976  0.289729
20325  5.05074  0.284539
20335  5.0591  0.284619
20345  5.00027  0.283824
20355  5.09685  0.284936
20365  5.43297  0.28887
20375  5.26926  0.28691
20385  5.77449  0.292752
20395  5.98735  0.295133
20405  5.62034  0.290895
20415  5.70025  0.291825
20425  5.27117  0.286831
20435  5.31979  0.287382
20445  5.87924  0.29383
20455  4.82694  0.281588
20465  4.51072  0.277794
20475  4.87313  0.282149
20485  4.92761  0.282708
20495  4.72312  0.280302
20505  5.19949  0.285964
20515  4.85962  0.281909
20525  5.67383  0.291438
20535  4.62733  0.279092
20545  4.7691  0.280785
20555  4.87537  0.282069
20565  5.04053  0.283983
20575  5.12564  0.284936
20585  4.24602  0.274359
20595  4.94111  0.282708
20605  4.44425  0.276736
20615  4.5289  0.277794
20625  5.04494  0.283983
20635  4.35129  0.275591
20645  4.62529  0.278849
20655  4.91852  0.282309
20665  4.74413  0.280222
20675  4.42574  0.276409
20685  4.61027  0.278606
20695  3.95391  0.270548
20705  4.68715  0.279496
20715  4.53958  0.277713
20725  4.72562  0.279899
20735  4.63504  0.278768
20745  4.88057  0.281668
20755  4.71574  0.279657
20765  4.21986  0.273618
20775  5.17802  0.285094
20785  4.89296  0.281668
20795  5.06247  0.283665
20805  5.24699  0.285806
20815  4.44669  0.276246
20825  4.44926  0.276327
20835  4.66587  0.27893
20845  4.45887  0.276409
20855  4.64854  0.278687
20865  4.82029  0.280705
20875  5.15041  0.284619
20885  4.8888  0.281508
20895  5.00482  0.282868
20905  5.01911  0.283028
20915  4.50084  0.276817
20925  4.906  0.281668
20935  5.37487  0.287224
20945  5.28211  0.286043
20955  5.04435  0.283187
20965  4.39886  0.275427
20975  4.59557  0.277794
20985  4.06761  0.271298
20995  4.71679  0.279253
21005  4.59301  0.277713
21015  4.37863  0.275099
21025  4.64406  0.278363
21035  4.73333  0.279496
21045  4.53753  0.277143
21055  4.70994  0.279172
21065  4.72523  0.279334
21075  4.8869  0.281267
21085  4.41809  0.275591
21095  4.24332  0.273453
21105  4.26874  0.273783
21115  4.71403  0.279172
21125  3.71443  0.26685
21135  4.4623  0.276082
21145  4.25267  0.273453
21155  4.55249  0.277062
21165  4.77055  0.279657
21175  3.98072  0.269963
21185  4.57324  0.277225
21195  4.46045  0.275837
21205  4.8195  0.280141
21215  4.29299  0.2737
21225  4.46296  0.275755
21235  5.01681  0.282389
21245  4.19516  0.272377
21255  4.27243  0.27337
21265  4.24938  0.27304
21275  4.61257  0.277469
21285  4.5262  0.276409
21295  4.21868  0.272626
21305  4.3592  0.274277
21315  3.91971  0.268873
21325  4.15464  0.271713
21335  4.37178  0.274359
21345  4.46922  0.275509
21355  4.90435  0.280785
21365  4.58431  0.276899
21375  4.70157  0.278281
21385  4.53628  0.276246
21395  4.71054  0.278363
21405  4.74137  0.278768
21415  4.64103  0.27755
21425  4.55921  0.276491
21435  4.54142  0.276246
21445  4.47613  0.275427
21455  4.62258  0.277225
21465  4.23324  0.27246
21475  4.23897  0.27246
21485  4.53675  0.276082
21495  4.32725  0.273535
21505  4.50446  0.275591
21515  4.0578  0.270046
21525  4.6212  0.27698
21535  4.42337  0.274524
21545  4.61758  0.276899
21555  4.54827  0.276
21565  3.47615  0.262586
21575  4.43588  0.274606
21585  3.89461  0.267948
21595  4.70349  0.277875
21605  4.49043  0.275345
21615  4.6436  0.277225
21625  4.95258  0.280946
21635  3.95812  0.26879
21645  4.34543  0.273618
21655  4.51204  0.275673
21665  4.25597  0.272543
21675  4.20122  0.271879
21685  4.27942  0.272792
21695  4.28574  0.272957
21705  3.85219  0.267611
21715  4.22849  0.272294
21725  3.76575  0.266512
21735  4.06294  0.270297
21745  3.63498  0.264897
21755  3.5442  0.263787
21765  4.33166  0.273618
21775  3.55342  0.263958
21785  3.69421  0.265833
21795  3.72873  0.266258
21805  4.17256  0.271796
21815  3.48425  0.263187
21825  3.65343  0.265323
21835  4.01517  0.269879
21845  3.55909  0.264215
21855  3.86971  0.268117
21865  3.78611  0.26702
21875  3.94962  0.269125
21885  4.27342  0.273122
21895  3.9939  0.269628
21905  3.40987  0.262242
21915  3.60823  0.264727
21925  3.37838  0.261725
21935  3.66944  0.265408
21945  4.06241  0.270297
21955  3.86312  0.26778
21965  4.04284  0.270047
21975  4.1972  0.271963
21985  3.33503  0.26112
21995  4.10016  0.270798
22005  4.23291  0.272377
22015  3.50408  0.263273
22025  4.14298  0.271298
22035  3.544  0.263787
22045  3.18423  0.259037
22055  3.7037  0.265578
22065  3.78538  0.266597
22075  4.90356  0.280383
22085  4.23844  0.272294
22095  3.8902  0.267948
22105  3.59927  0.264215
22115  4.24457  0.272294
22125  3.92209  0.268285
22135  3.78433  0.266597
22145  3.93987  0.268537
22155  3.47503  0.262672
22165  3.58939  0.264129
22175  3.76397  0.266427
22185  3.8124  0.26702
22195  3.08607  0.257726
22205  3.78901  0.266766
22215  4.16281  0.271464
22225  3.58985  0.2643
22235  3.60968  0.264556
22245  3.67701  0.265408
22255  3.73499  0.266173
22265  3.32627  0.260947
22275  3.94251  0.268789
22285  3.80245  0.267104
22295  4.22704  0.272377
22305  3.54572  0.263873
22315  4.18053  0.271796
22325  3.46923  0.262844
22335  3.93236  0.268789
22345  3.60119  0.264642
22355  3.56001  0.264129
22365  3.24096  0.260081
22375  3.91293  0.268621
22385  3.72662  0.266258
22395  3.67385  0.265578
22405  3.65784  0.265323
22415  4.14489  0.271381
22425  3.28924  0.260514
22435  3.76404  0.266597
22445  3.65119  0.265153
22455  3.66878  0.265408
22465  3.93164  0.268705
22475  3.76852  0.266597
22485  3.59262  0.264385
22495  3.41369  0.26207
22505  3.80093  0.26702
22515  3.48978  0.263101
22525  3.69803  0.265748
22535  3.50355  0.263273
22545  3.74737  0.266342
22555  3.38609  0.261725
22565  3.31817  0.260861
22575  3.08146  0.257814
22585  4.01405  0.269712
22595  3.71984  0.266003
22605  3.82505  0.267358
22615  3.21177  0.259472
22625  4.47238  0.275263
22635  4.13896  0.271131
22645  3.94521  0.268705
22655  3.55711  0.263787
22665  3.71707  0.265748
22675  3.51857  0.263187
22685  3.78907  0.266597
22695  3.801  0.266766
22705  3.80528  0.266766
22715  3.63037  0.264556
22725  3.72062  0.265663
22735  3.33931  0.260774
22745  3.50895  0.26293
22755  3.83526  0.267104
22765  3.8145  0.26685
22775  3.79046  0.266597
22785  3.78545  0.266512
22795  3.46099  0.262328
22805  3.54881  0.263445
22815  3.7701  0.266258
22825  3.41962  0.261725
22835  3.65962  0.264812
22845  3.93124  0.268201
22855  4.1049  0.270297
22865  3.89119  0.267695
22875  3.87972  0.267527
22885  3.90166  0.26778
22895  3.62859  0.2643
22905  3.9659  0.268537
22915  3.48056  0.262414
22925  3.80561  0.266512
22935  3.3768  0.261034
22945  4.33799  0.273122
22955  3.56383  0.263445
22965  3.65797  0.264727
22975  3.69045  0.265068
22985  3.94356  0.268201
22995  3.54374  0.263101
23005  3.81819  0.266597
23015  3.18041  0.258426
23025  3.17204  0.258339
23035  3.08706  0.2572
23045  2.9634  0.255527
23055  3.21777  0.258862
23065  3.19807  0.258688
23075  2.68888  0.251968
23085  3.52641  0.262844
23095  2.80984  0.253486
23105  3.52997  0.262844
23115  3.24385  0.259211
23125  3.5411  0.263016
23135  3.2955  0.25982
23145  3.48207  0.262156
23155  3.52681  0.262672
23165  4.00279  0.268621
23175  3.75752  0.265493
23185  3.53978  0.262672
23195  3.45052  0.261552
23205  3.83038  0.266342
23215  3.79303  0.265833
23225  3.27152  0.259124
23235  3.44973  0.261466
23245  3.36145  0.260254
23255  3.68703  0.264385
23265  3.55026  0.262586
23275  3.34023  0.25982
23285  3.83664  0.266173
23295  3.37654  0.260254
23305  3.39959  0.260601
23315  3.03403  0.255792
23325  3.85634  0.266427
23335  3.63426  0.263616
23345  3.31738  0.259472
23355  3.51021  0.261897
23365  3.11875  0.256849
23375  4.12981  0.269712
23385  2.85898  0.253397
23395  3.22034  0.258164
23405  3.77959  0.265323
23415  2.99713  0.255261
23425  3.07975  0.256321
23435  3.16816  0.257551
23445  2.74811  0.251968
23455  3.14293  0.2572
23465  3.04931  0.255968
23475  2.86116  0.253486
23485  2.75041  0.252057
23495  2.97388  0.254996
23505  2.88441  0.253842
23515  2.95378  0.25473
23525  3.00445  0.255438
23535  3.00649  0.255527
23545  2.76484  0.252326
23555  3.11084  0.256937
23565  2.85668  0.253575
23575  2.81656  0.253041
23585  3.01769  0.255703
23595  3.03212  0.25588
23605  3.3685  0.260254
23615  3.33753  0.259907
23625  3.13324  0.257288
23635  3.2843  0.259298
23645  3.02381  0.25588
23655  2.76023  0.252415
23665  3.59183  0.263273
23675  3.08653  0.256761
23685  3.20887  0.258339
23695  3.18911  0.258076
23705  3.20387  0.258251
23715  3.26928  0.259124
23725  2.99667  0.255527
23735  3.11447  0.257112
23745  3.01024  0.255792
23755  2.95563  0.255085
23765  3.18898  0.258164
23775  3.17415  0.257901
23785  3.07402  0.256585
23795  3.47331  0.261811
23805  2.99048  0.255615
23815  2.90438  0.254553
23825  3.0449  0.256409
23835  2.99977  0.25588
23845  3.28094  0.259559
23855  2.99641  0.25588
23865  3.12935  0.257726
23875  3.24517  0.259211
23885  2.89344  0.254642
23895  3.18186  0.258426
23905  2.92249  0.255084
23915  3.31948  0.260341
23925  3.00326  0.256233
23935  3.10122  0.257551
23945  3.11427  0.257814
23955  2.85411  0.254464
23965  3.15412  0.258426
23975  3.25242  0.259733
23985  3.07902  0.257551
23995  3.23028  0.259559
24005  2.8354  0.254375
24015  3.11618  0.258076
24025  3.22626  0.259559
24035  2.74897  0.253308
24045  2.91419  0.255527
24055  2.96268  0.256144
24065  2.93764  0.25588
24075  3.14892  0.258601
24085  3.22112  0.259559
24095  2.50218  0.250079
24105  3.08159  0.257726
24115  2.98146  0.256409
24125  2.90378  0.25535
24135  3.23476  0.259646
24145  2.7516  0.253397
24155  3.16131  0.258775
24165  3.35881  0.26138
24175  3.17428  0.259037
24185  2.98508  0.256585
24195  2.66167  0.252236
24205  2.9661  0.256233
24215  3.43873  0.262328
24225  3.43339  0.262242
24235  2.79126  0.253842
24245  2.87335  0.254819
24255  3.05531  0.2572
24265  3.5521  0.26353
24275  3.10182  0.257639
24285  3.30578  0.260167
24295  3.46666  0.26207
24305  3.63044  0.264044
24315  3.21902  0.258601
24325  2.87433  0.253931
24335  3.35921  0.260081
24345  2.92473  0.254198
24355  3.40888  0.260341
24365  3.35295  0.259472
24375  3.50586  0.261207
24385  3.04253  0.254996
24395  3.48847  0.260514
24405  3.19023  0.256409
24415  3.48576  0.259994
24425  3.5106  0.260081
24435  3.55395  0.260428
24445  3.50559  0.259472
24455  3.15577  0.254642
24465  3.68037  0.261207
24475  2.85128  0.249989
24485  3.15307  0.253665
24495  3.33424  0.255703
24505  3.36534  0.255792
24515  3.338  0.255085
24525  3.09088  0.251429
24535  3.18364  0.252236
24545  3.20235  0.252057
24555  3.55402  0.256321
24565  3.47246  0.254819
24575  3.3963  0.253397
24585  3.47377  0.253931
24595  3.12738  0.248812
24605  3.83196  0.257726
24615  3.58136  0.253931
24625  3.36698  0.25053
24635  3.05471  0.245799
24645  3.14405  0.246441
24655  3.56897  0.251699
24665  3.2899  0.247356
24675  2.90003  0.241443
24685  3.22402  0.245339
24695  3.32106  0.246166
24705  3.78064  0.251788
24715  3.40737  0.246166
24725  3.34676  0.244694
24735  3.26428  0.242935
24745  3.69921  0.248176
24755  3.07586  0.238905
24765  3.26217  0.240788
24775  3.24754  0.239848
24785  3.02526  0.236053
24795  3.52154  0.242284
24805  3.23417  0.237483
24815  3.05992  0.234229
24825  3.15426  0.234807
24835  3.58379  0.240131
24845  3.0611  0.231904
24855  3.04509  0.23083
24865  2.7937  0.226287
24875  2.75885  0.224885
24885  3.193  0.230439
24895  2.40204  0.217744
24905  2.95115  0.225186
24915  2.77894  0.221751
24925  2.51206  0.216705
24935  2.71214  0.218882
24945  2.3913  0.213027
24955  2.45343  0.213027
24965  2.37424  0.21079
24975  2.36357  0.209608
24985  2.32635  0.207986
24995  2.26462  0.206023
25005  1.95439  0.199905
25015  1.90419  0.19809
25025  2.50343  0.207007
25035  1.82711  0.19464
25045  1.61017  0.189706
25055  1.77467  0.191483
25065  1.86743  0.192072
25075  1.70233  0.188033
25085  1.62229  0.185494
25095  1.43407  0.180934
25105  1.18076  0.174971
25115  1.32379  0.176513
25125  1.35469  0.175872
25135  1.28703  0.173416
25145  1.18755  0.170263
25155  0.926467  0.163636
25165  0.95585  0.162945
25175  0.987933  0.162251
25185  1.13241  0.163912
25195  0.973373  0.159302
25205  1.02081  0.159018
25215  0.9293  0.155718
25225  0.720856  0.149806
25235  0.947154  0.153381
25245  0.693911  0.146299
25255  0.780609  0.146915
25265  0.721054  0.144122
25275  0.624211  0.140473
25285  0.444227  0.13473
25295  0.484414  0.134395
25305  0.49311  0.133214
25315  0.369256  0.128556
25325  0.439682  0.128907
25335  0.373341  0.125715
25345  0.38006  0.124451
25355  0.344749  0.12207
25365  0.429207  0.122991
25375  0.320703  0.118504
25385  0.505232  0.122255
25395  0.0124512  0.106248
25405  0.18532  0.110212
25415  0.295471  0.11204
25425  0.245797  0.109183
25435  0.301136  0.109389
25445  0.282229  0.107306
25455  0.0439418  0.0980713
25465  0.283349  0.104535
25475  0.0467087  0.0950314
25485  0.0822838  0.0947935
25495  0.150535  0.0957415
25505  0.0633105  0.0911509
25515  0.156991  0.0931114
25525  0.23137  0.094316
25535  0.364183  0.0976098
25545  0.0175241  0.0833897
25555  0.0683173  0.0839295
25565  -0.01535  0.0795897
25575  0.0678562  0.0809163
25585  -0.0168653  0.0764722
25595  0.0675926  0.0780763
25605  0.221158  0.0831185
25615  -0.121087  0.0720673
25625  -0.0233873  0.0706309
25635  -0.0136371  0.0691935
25645  0.0700961  0.071115
25655  0.0976338  0.071115
25665  -0.0548778  0.0648608
25675  -0.0436124  0.0635682
25685  -0.123129  0.0620707
25695  0.0497392  0.0633939
25705  0.143025  0.0668605
25715  0.0193028  0.0589654
25725  0.0222674  0.0578053
25735  -0.0829426  0.0551441
25745  -0.0483557  0.0538402
25755  -0.0380126  0.0527646
25765  -0.025759  0.0515423
25775  -0.0218062  0.0503958
25785  -0.0658139  0.0492855
25795  -0.0401208  0.0479747
25805  -0.0576448  0.0468354
25815  -0.0411749  0.0456386
25825  -0.0983585  0.0443896
25835  -0.0752347  0.0431301
25845  -0.0934834  0.0419172
25855  -0.113577  0.0408204
25865  -0.114499  0.0397768
25875  -0.122339  0.0387222
25885  -0.0685808  0.0375379
25895  -0.0904529  0.0364732
25905  -0.0863684  0.035464
25915  -0.0556025  0.0344445
25925  -0.104617  0.0333075
25935  -0.0621905  0.0324048
25945  -0.120296  0.031448
25955  -0.110414  0.0303739
25965  -0.0971068  0.0296362
25975  -0.0825473  0.0287337
25985  -0.0610047  0.02777
25995  -0.0942081  0.0268954
26005  -0.0598188  0.0259402