8.000	0.0002
8.005	0.0002
8.010	0.0002
8.015	0.0002
8.020	0.0002
8.025	0.0002
8.030	0.0002
8.035	0.0002
8.040	0.0002
8.045	0.0002
8.050	0.0002
8.055	0.0002
8.060	0.0002
8.065	0.0002
8.070	0.0002
8.075	0.0002
8.080	0.0002
8.085	0.0002
8.090	0.0002
8.095	0.0002
8.100	0.0002
8.105	0.0002
8.110	0.0002
8.115	0.0002
8.120	0.0002
8.125	0.0002
8.130	0.0002
8.135	0.0002
8.140	0.0002
8.145	0.0002
8.150	0.0002
8.155	0.0002
8.160	0.0002
8.165	0.0002
8.170	0.0002
8.175	0.0002
8.180	0.0002
8.185	0.0002
8.190	0.0002
8.195	0.0002
8.200	0.0002
8.205	0.0002
8.210	0.0002
8.215	0.0002
8.220	0.0002
8.225	0.0002
8.230	0.0002
8.235	0.0002
8.240	0.0002
8.245	0.0002
8.250	0.0002
8.255	0.0002
8.260	0.0002
8.265	0.0002
8.270	0.0002
8.275	0.0002
8.280	0.0002
8.285	0.0002
8.290	0.0002
8.295	0.0002
8.300	0.0002
8.305	0.0002
8.310	0.0002
8.315	0.0002
8.320	0.0002
8.325	0.0002
8.330	0.0002
8.335	0.0002
8.340	0.0002
8.345	0.0002
8.350	0.0002
8.355	0.0002
8.360	0.0002
8.365	0.0002
8.370	0.0002
8.375	0.0002
8.380	0.0002
8.385	0.0002
8.390	0.0002
8.395	0.0002
8.400	0.0002
8.405	0.0002
8.410	0.0002
8.415	0.0002
8.420	0.0002
8.425	0.0002
8.430	0.0002
8.435	0.0002
8.440	0.0002
8.445	0.0002
8.450	0.0002
8.455	0.0002
8.460	0.0002
8.465	0.0002
8.470	0.0002
8.475	0.0002
8.480	0.0002
8.485	0.0002
8.490	0.0002
8.495	0.0002
8.500	0.0002
8.505	0.0002
8.510	0.0002
8.515	0.0002
8.520	0.0002
8.525	0.0002
8.530	0.0002
8.535	0.0002
8.540	0.0002
8.545	0.0002
8.550	0.0002
8.555	0.0002
8.560	0.0002
8.565	0.0002
8.570	0.0002
8.575	0.0002
8.580	0.0002
8.585	0.0002
8.590	0.0002
8.595	0.0002
8.600	0.0002
8.605	0.0002
8.610	0.0002
8.615	0.0002
8.620	0.0002
8.625	0.0002
8.630	0.0002
8.635	0.0002
8.640	0.0002
8.645	0.0002
8.650	0.0002
8.655	0.0002
8.660	0.0002
8.665	0.0002
8.670	0.0002
8.675	0.0002
8.680	0.0002
8.685	0.0002
8.690	0.0002
8.695	0.0002
8.700	0.0002
8.705	0.0002
8.710	0.0002
8.715	0.0002
8.720	0.0002
8.725	0.0002
8.730	0.0002
8.735	0.0002
8.740	0.0002
8.745	0.0002
8.750	0.0002
8.755	0.0002
8.760	0.0002
8.765	0.0002
8.770	0.0002
8.775	0.0002
8.780	0.0002
8.785	0.0002
8.790	0.0002
8.795	0.0002
8.800	0.0002
8.805	0.0002
8.810	0.0002
8.815	0.0002
8.820	0.0002
8.825	0.0002
8.830	0.0002
8.835	0.0002
8.840	0.0002
8.845	0.0002
8.850	0.0002
8.855	0.0002
8.860	0.0002
8.865	0.0002
8.870	0.0002
8.875	0.0002
8.880	0.0002
8.885	0.0002
8.890	0.0002
8.895	0.0002
8.900	0.0002
8.905	0.0002
8.910	0.0002
8.915	0.0002
8.920	0.0002
8.925	0.0002
8.930	0.0002
8.935	0.0002
8.940	0.0002
8.945	0.0002
8.950	0.0002
8.955	0.0002
8.960	0.0002
8.965	0.0002
8.970	0.0002
8.975	0.0002
8.980	0.0002
8.985	0.0002
8.990	0.0002
8.995	0.0002
9.000	0.0002
9.005	0.0002
9.010	0.0002
9.015	0.0002
9.020	0.0002
9.025	0.0002
9.030	0.0002
9.035	0.0002
9.040	0.0002
9.045	0.0002
9.050	0.0002
9.055	0.0002
9.060	0.0002
9.065	0.0002
9.070	0.0002
9.075	0.0002
9.080	0.0002
9.085	0.0002
9.090	0.0002
9.095	0.0002
9.100	0.0002
9.105	0.0002
9.110	0.0002
9.115	0.0002
9.120	0.0002
9.125	0.0002
9.130	0.0002
9.135	0.0002
9.140	0.0002
9.145	0.0002
9.150	0.0002
9.155	0.0002
9.160	0.0002
9.165	0.0002
9.170	0.0002
9.175	0.0002
9.180	0.0002
9.185	0.0002
9.190	0.0002
9.195	0.0002
9.200	0.0002
9.205	0.0002
9.210	0.0002
9.215	0.0002
9.220	0.0002
9.225	0.0002
9.230	0.0002
9.235	0.0002
9.240	0.0002
9.245	0.0002
9.250	0.0002
9.255	0.0002
9.260	0.0002
9.265	0.0002
9.270	0.0002
9.275	0.0002
9.280	0.0002
9.285	0.0002
9.290	0.0002
9.295	0.0002
9.300	0.0003
9.305	0.0003
9.310	0.0003
9.315	0.0003
9.320	0.0003
9.325	0.0003
9.330	0.0003
9.335	0.0003
9.340	0.0003
9.345	0.0003
9.350	0.0003
9.355	0.0003
9.360	0.0003
9.365	0.0003
9.370	0.0003
9.375	0.0003
9.380	0.0003
9.385	0.0003
9.390	0.0003
9.395	0.0003
9.400	0.0003
9.405	0.0003
9.410	0.0003
9.415	0.0003
9.420	0.0003
9.425	0.0003
9.430	0.0003
9.435	0.0003
9.440	0.0003
9.445	0.0003
9.450	0.0003
9.455	0.0003
9.460	0.0003
9.465	0.0003
9.470	0.0003
9.475	0.0003
9.480	0.0003
9.485	0.0003
9.490	0.0003
9.495	0.0003
9.500	0.0003
9.505	0.0003
9.510	0.0003
9.515	0.0003
9.520	0.0003
9.525	0.0003
9.530	0.0003
9.535	0.0003
9.540	0.0003
9.545	0.0003
9.550	0.0003
9.555	0.0003
9.560	0.0003
9.565	0.0003
9.570	0.0003
9.575	0.0003
9.580	0.0003
9.585	0.0003
9.590	0.0003
9.595	0.0003
9.600	0.0003
9.605	0.0003
9.610	0.0003
9.615	0.0003
9.620	0.0003
9.625	0.0003
9.630	0.0003
9.635	0.0003
9.640	0.0003
9.645	0.0003
9.650	0.0003
9.655	0.0003
9.660	0.0003
9.665	0.0003
9.670	0.0003
9.675	0.0003
9.680	0.0003
9.685	0.0003
9.690	0.0003
9.695	0.0003
9.700	0.0003
9.705	0.0003
9.710	0.0003
9.715	0.0003
9.720	0.0003
9.725	0.0003
9.730	0.0003
9.735	0.0003
9.740	0.0003
9.745	0.0003
9.750	0.0003
9.755	0.0003
9.760	0.0003
9.765	0.0003
9.770	0.0003
9.775	0.0003
9.780	0.0003
9.785	0.0003
9.790	0.0003
9.795	0.0003
9.800	0.0003
9.805	0.0003
9.810	0.0003
9.815	0.0003
9.820	0.0003
9.825	0.0003
9.830	0.0003
9.835	0.0003
9.840	0.0003
9.845	0.0003
9.850	0.0003
9.855	0.0003
9.860	0.0003
9.865	0.0003
9.870	0.0003
9.875	0.0003
9.880	0.0004
9.885	0.0004
9.890	0.0004
9.895	0.0004
9.900	0.0004
9.905	0.0004
9.910	0.0004
9.915	0.0004
9.920	0.0004
9.925	0.0004
9.930	0.0004
9.935	0.0004
9.940	0.0004
9.945	0.0004
9.950	0.0004
9.955	0.0004
9.960	0.0004
9.965	0.0004
9.970	0.0004
9.975	0.0004
9.980	0.0004
9.985	0.0004
9.990	0.0004
9.995	0.0004
10.000	0.0004
10.005	0.0004
10.010	0.0004
10.015	0.0004
10.020	0.0004
10.025	0.0004
10.030	0.0004
10.035	0.0004
10.040	0.0004
10.045	0.0004
10.050	0.0004
10.055	0.0004
10.060	0.0004
10.065	0.0004
10.070	0.0004
10.075	0.0004
10.080	0.0004
10.085	0.0004
10.090	0.0004
10.095	0.0004
10.100	0.0004
10.105	0.0004
10.110	0.0004
10.115	0.0004
10.120	0.0004
10.125	0.0004
10.130	0.0004
10.135	0.0004
10.140	0.0004
10.145	0.0004
10.150	0.0004
10.155	0.0004
10.160	0.0005
10.165	0.0005
10.170	0.0005
10.175	0.0005
10.180	0.0005
10.185	0.0005
10.190	0.0005
10.195	0.0005
10.200	0.0005
10.205	0.0005
10.210	0.0005
10.215	0.0005
10.220	0.0005
10.225	0.0005
10.230	0.0005
10.235	0.0005
10.240	0.0005
10.245	0.0005
10.250	0.0005
10.255	0.0005
10.260	0.0005
10.265	0.0005
10.270	0.0005
10.275	0.0005
10.280	0.0005
10.285	0.0005
10.290	0.0005
10.295	0.0005
10.300	0.0006
10.305	0.0006
10.310	0.0006
10.315	0.0006
10.320	0.0006
10.325	0.0006
10.330	0.0006
10.335	0.0006
10.340	0.0006
10.345	0.0006
10.350	0.0006
10.355	0.0006
10.360	0.0006
10.365	0.0006
10.370	0.0006
10.375	0.0007
10.380	0.0007
10.385	0.0007
10.390	0.0007
10.395	0.0007
10.400	0.0007
10.405	0.0007
10.410	0.0007
10.415	0.0007
10.420	0.0008
10.425	0.0008
10.430	0.0008
10.435	0.0008
10.440	0.0008
10.445	0.0008
10.450	0.0009
10.455	0.0009
10.460	0.0009
10.465	0.0009
10.470	0.0010
10.475	0.0010
10.480	0.0010
10.485	0.0011
10.490	0.0011
10.495	0.0012
10.500	0.0012
10.505	0.0013
10.510	0.0014
10.515	0.0014
10.520	0.0015
10.525	0.0016
10.530	0.0017
10.535	0.0019
10.540	0.0020
10.545	0.0022
10.550	0.0025
10.555	0.0028
10.560	0.0031
10.565	0.0036
10.570	0.0042
10.575	0.0050
10.580	0.0061
10.585	0.0076
10.590	0.0098
10.595	0.0131
10.600	0.0184
10.605	0.0270
10.610	0.0408
10.615	0.0589
10.620	0.0684
10.625	0.0572
10.630	0.0392
10.635	0.0259
10.640	0.0178
10.645	0.0128
10.650	0.0096
10.655	0.0075
10.660	0.0061
10.665	0.0050
10.670	0.0043
10.675	0.0037
10.680	0.0032
10.685	0.0029
10.690	0.0026
10.695	0.0024
10.700	0.0022
10.705	0.0021
10.710	0.0019
10.715	0.0018
10.720	0.0017
10.725	0.0017
10.730	0.0016
10.735	0.0016
10.740	0.0015
10.745	0.0015
10.750	0.0014
10.755	0.0014
10.760	0.0014
10.765	0.0014
10.770	0.0013
10.775	0.0013
10.780	0.0013
10.785	0.0013
10.790	0.0013
10.795	0.0013
10.800	0.0013
10.805	0.0013
10.810	0.0013
10.815	0.0013
10.820	0.0013
10.825	0.0013
10.830	0.0013
10.835	0.0013
10.840	0.0013
10.845	0.0013
10.850	0.0013
10.855	0.0013
10.860	0.0013
10.865	0.0014
10.870	0.0014
10.875	0.0014
10.880	0.0014
10.885	0.0014
10.890	0.0014
10.895	0.0015
10.900	0.0015
10.905	0.0015
10.910	0.0015
10.915	0.0015
10.920	0.0016
10.925	0.0016
10.930	0.0016
10.935	0.0016
10.940	0.0017
10.945	0.0017
10.950	0.0017
10.955	0.0018
10.960	0.0018
10.965	0.0019
10.970	0.0019
10.975	0.0019
10.980	0.0020
10.985	0.0020
10.990	0.0021
10.995	0.0021
11.000	0.0022
11.005	0.0022
11.010	0.0023
11.015	0.0024
11.020	0.0024
11.025	0.0025
11.030	0.0026
11.035	0.0027
11.040	0.0027
11.045	0.0028
11.050	0.0029
11.055	0.0030
11.060	0.0032
11.065	0.0033
11.070	0.0034
11.075	0.0035
11.080	0.0037
11.085	0.0038
11.090	0.0040
11.095	0.0042
11.100	0.0044
11.105	0.0046
11.110	0.0048
11.115	0.0051
11.120	0.0053
11.125	0.0056
11.130	0.0060
11.135	0.0063
11.140	0.0067
11.145	0.0071
11.150	0.0076
11.155	0.0082
11.160	0.0088
11.165	0.0094
11.170	0.0102
11.175	0.0111
11.180	0.0121
11.185	0.0132
11.190	0.0145
11.195	0.0161
11.200	0.0179
11.205	0.0200
11.210	0.0225
11.215	0.0256
11.220	0.0294
11.225	0.0341
11.230	0.0400
11.235	0.0476
11.240	0.0575
11.245	0.0710
11.250	0.0896
11.255	0.1163
11.260	0.1561
11.265	0.2182
11.270	0.3189
11.275	0.4835
11.280	0.7246
11.285	0.9318
11.290	0.8709
11.295	0.6231
11.300	0.4095
11.305	0.2735
11.310	0.1907
11.315	0.1389
11.320	0.1051
11.325	0.0822
11.330	0.0661
11.335	0.0544
11.340	0.0459
11.345	0.0396
11.350	0.0351
11.355	0.0323
11.360	0.0311
11.365	0.0312
11.370	0.0301
11.375	0.0261
11.380	0.0215
11.385	0.0181
11.390	0.0156
11.395	0.0137
11.400	0.0123
11.405	0.0112
11.410	0.0102
11.415	0.0094
11.420	0.0087
11.425	0.0082
11.430	0.0076
11.435	0.0072
11.440	0.0068
11.445	0.0064
11.450	0.0061
11.455	0.0058
11.460	0.0055
11.465	0.0053
11.470	0.0050
11.475	0.0048
11.480	0.0047
11.485	0.0045
11.490	0.0043
11.495	0.0042
11.500	0.0041
11.505	0.0040
11.510	0.0039
11.515	0.0038
11.520	0.0037
11.525	0.0036
11.530	0.0035
11.535	0.0034
11.540	0.0034
11.545	0.0033
11.550	0.0033
11.555	0.0032
11.560	0.0032
11.565	0.0032
11.570	0.0032
11.575	0.0031
11.580	0.0031
11.585	0.0031
11.590	0.0031
11.595	0.0031
11.600	0.0031
11.605	0.0032
11.610	0.0032
11.615	0.0032
11.620	0.0032
11.625	0.0033
11.630	0.0033
11.635	0.0034
11.640	0.0035
11.645	0.0036
11.650	0.0037
11.655	0.0038
11.660	0.0040
11.665	0.0041
11.670	0.0043
11.675	0.0046
11.680	0.0048
11.685	0.0051
11.690	0.0055
11.695	0.0059
11.700	0.0064
11.705	0.0070
11.710	0.0077
11.715	0.0086
11.720	0.0097
11.725	0.0110
11.730	0.0128
11.735	0.0150
11.740	0.0181
11.745	0.0222
11.750	0.0281
11.755	0.0367
11.760	0.0498
11.765	0.0708
11.770	0.1053
11.775	0.1596
11.780	0.2240
11.785	0.2427
11.790	0.1909
11.795	0.1281
11.800	0.0849
11.805	0.0584
11.810	0.0421
11.815	0.0317
11.820	0.0247
11.825	0.0198
11.830	0.0163
11.835	0.0137
11.840	0.0117
11.845	0.0102
11.850	0.0090
11.855	0.0080
11.860	0.0072
11.865	0.0066
11.870	0.0060
11.875	0.0055
11.880	0.0052
11.885	0.0048
11.890	0.0045
11.895	0.0043
11.900	0.0041
11.905	0.0039
11.910	0.0037
11.915	0.0036
11.920	0.0034
11.925	0.0033
11.930	0.0032
11.935	0.0031
11.940	0.0031
11.945	0.0030
11.950	0.0029
11.955	0.0029
11.960	0.0028
11.965	0.0028
11.970	0.0028
11.975	0.0027
11.980	0.0027
11.985	0.0027
11.990	0.0027
11.995	0.0027
12.000	0.0027
12.005	0.0027
12.010	0.0027
12.015	0.0027
12.020	0.0027
12.025	0.0028
12.030	0.0028
12.035	0.0029
12.040	0.0029
12.045	0.0030
12.050	0.0030
12.055	0.0031
12.060	0.0032
12.065	0.0034
12.070	0.0035
12.075	0.0037
12.080	0.0039
12.085	0.0042
12.090	0.0045
12.095	0.0049
12.100	0.0055
12.105	0.0062
12.110	0.0071
12.115	0.0083
12.120	0.0101
12.125	0.0126
12.130	0.0165
12.135	0.0226
12.140	0.0327
12.145	0.0488
12.150	0.0690
12.155	0.0775
12.160	0.0632
12.165	0.0434
12.170	0.0293
12.175	0.0206
12.180	0.0153
12.185	0.0119
12.190	0.0096
12.195	0.0081
12.200	0.0070
12.205	0.0062
12.210	0.0055
12.215	0.0051
12.220	0.0047
12.225	0.0044
12.230	0.0042
12.235	0.0040
12.240	0.0038
12.245	0.0037
12.250	0.0036
12.255	0.0035
12.260	0.0035
12.265	0.0034
12.270	0.0034
12.275	0.0034
12.280	0.0033
12.285	0.0033
12.290	0.0033
12.295	0.0033
12.300	0.0033
12.305	0.0033
12.310	0.0033
12.315	0.0033
12.320	0.0033
12.325	0.0034
12.330	0.0034
12.335	0.0034
12.340	0.0034
12.345	0.0035
12.350	0.0035
12.355	0.0036
12.360	0.0036
12.365	0.0036
12.370	0.0037
12.375	0.0037
12.380	0.0038
12.385	0.0039
12.390	0.0039
12.395	0.0040
12.400	0.0040
12.405	0.0041
12.410	0.0042
12.415	0.0043
12.420	0.0043
12.425	0.0044
12.430	0.0045
12.435	0.0046
12.440	0.0047
12.445	0.0048
12.450	0.0049
12.455	0.0050
12.460	0.0052
12.465	0.0053
12.470	0.0054
12.475	0.0056
12.480	0.0057
12.485	0.0059
12.490	0.0060
12.495	0.0062
12.500	0.0064
12.505	0.0066
12.510	0.0068
12.515	0.0070
12.520	0.0072
12.525	0.0075
12.530	0.0078
12.535	0.0080
12.540	0.0083
12.545	0.0087
12.550	0.0090
12.555	0.0094
12.560	0.0098
12.565	0.0102
12.570	0.0107
12.575	0.0112
12.580	0.0118
12.585	0.0124
12.590	0.0130
12.595	0.0138
12.600	0.0146
12.605	0.0155
12.610	0.0165
12.615	0.0176
12.620	0.0188
12.625	0.0202
12.630	0.0218
12.635	0.0236
12.640	0.0257
12.645	0.0281
12.650	0.0309
12.655	0.0342
12.660	0.0381
12.665	0.0427
12.670	0.0484
12.675	0.0554
12.680	0.0642
12.685	0.0754
12.690	0.0900
12.695	0.1094
12.700	0.1360
12.705	0.1738
12.710	0.2295
12.715	0.3151
12.720	0.4524
12.725	0.6777
12.730	1.0254
12.735	1.3991
12.740	1.4355
12.745	1.0861
12.750	0.7228
12.755	0.4814
12.760	0.3344
12.765	0.2435
12.770	0.1850
12.775	0.1459
12.780	0.1186
12.785	0.0991
12.790	0.0848
12.795	0.0740
12.800	0.0659
12.805	0.0596
12.810	0.0548
12.815	0.0511
12.820	0.0483
12.825	0.0463
12.830	0.0449
12.835	0.0440
12.840	0.0436
12.845	0.0436
12.850	0.0441
12.855	0.0450
12.860	0.0464
12.865	0.0482
12.870	0.0506
12.875	0.0535
12.880	0.0571
12.885	0.0615
12.890	0.0668
12.895	0.0732
12.900	0.0810
12.905	0.0905
12.910	0.1022
12.915	0.1168
12.920	0.1352
12.925	0.1586
12.930	0.1891
12.935	0.2299
12.940	0.2880
12.945	0.3745
12.950	0.5025
12.955	0.6981
12.960	1.0116
12.965	1.5256
12.970	2.3090
12.975	3.1080
12.980	3.1084
12.985	2.3098
12.990	1.5263
12.995	1.0123
13.000	0.6992
13.005	0.5047
13.010	0.3788
13.015	0.2937
13.020	0.2340
13.025	0.1906
13.030	0.1582
13.035	0.1334
13.040	0.1141
13.045	0.0987
13.050	0.0862
13.055	0.0761
13.060	0.0676
13.065	0.0605
13.070	0.0546
13.075	0.0494
13.080	0.0451
13.085	0.0412
13.090	0.0379
13.095	0.0350
13.100	0.0324
13.105	0.0302
13.110	0.0281
13.115	0.0263
13.120	0.0247
13.125	0.0233
13.130	0.0219
13.135	0.0208
13.140	0.0197
13.145	0.0187
13.150	0.0178
13.155	0.0170
13.160	0.0163
13.165	0.0156
13.170	0.0150
13.175	0.0144
13.180	0.0139
13.185	0.0135
13.190	0.0131
13.195	0.0127
13.200	0.0124
13.205	0.0121
13.210	0.0119
13.215	0.0118
13.220	0.0117
13.225	0.0117
13.230	0.0117
13.235	0.0119
13.240	0.0122
13.245	0.0128
13.250	0.0135
13.255	0.0147
13.260	0.0165
13.265	0.0193
13.270	0.0237
13.275	0.0309
13.280	0.0427
13.285	0.0611
13.290	0.0808
13.295	0.0822
13.300	0.0633
13.305	0.0439
13.310	0.0310
13.315	0.0231
13.320	0.0181
13.325	0.0149
13.330	0.0127
13.335	0.0112
13.340	0.0100
13.345	0.0091
13.350	0.0084
13.355	0.0079
13.360	0.0074
13.365	0.0070
13.370	0.0067
13.375	0.0064
13.380	0.0062
13.385	0.0060
13.390	0.0058
13.395	0.0057
13.400	0.0055
13.405	0.0054
13.410	0.0053
13.415	0.0052
13.420	0.0051
13.425	0.0050
13.430	0.0049
13.435	0.0048
13.440	0.0048
13.445	0.0047
13.450	0.0046
13.455	0.0046
13.460	0.0045
13.465	0.0045
13.470	0.0045
13.475	0.0044
13.480	0.0044
13.485	0.0044
13.490	0.0043
13.495	0.0043
13.500	0.0043
13.505	0.0043
13.510	0.0042
13.515	0.0042
13.520	0.0042
13.525	0.0042
13.530	0.0042
13.535	0.0042
13.540	0.0042
13.545	0.0042
13.550	0.0042
13.555	0.0042
13.560	0.0042
13.565	0.0042
13.570	0.0042
13.575	0.0042
13.580	0.0043
13.585	0.0043
13.590	0.0043
13.595	0.0043
13.600	0.0044
13.605	0.0044
13.610	0.0044
13.615	0.0045
13.620	0.0045
13.625	0.0046
13.630	0.0046
13.635	0.0047
13.640	0.0048
13.645	0.0048
13.650	0.0049
13.655	0.0050
13.660	0.0051
13.665	0.0052
13.670	0.0053
13.675	0.0054
13.680	0.0056
13.685	0.0057
13.690	0.0059
13.695	0.0061
13.700	0.0063
13.705	0.0066
13.710	0.0069
13.715	0.0072
13.720	0.0076
13.725	0.0081
13.730	0.0086
13.735	0.0093
13.740	0.0102
13.745	0.0114
13.750	0.0129
13.755	0.0149
13.760	0.0179
13.765	0.0223
13.770	0.0293
13.775	0.0407
13.780	0.0582
13.785	0.0780
13.790	0.0822
13.795	0.0657
13.800	0.0474
13.805	0.0352
13.810	0.0281
13.815	0.0241
13.820	0.0220
13.825	0.0210
13.830	0.0208
13.835	0.0212
13.840	0.0222
13.845	0.0239
13.850	0.0262
13.855	0.0293
13.860	0.0336
13.865	0.0395
13.870	0.0476
13.875	0.0588
13.880	0.0748
13.885	0.0987
13.890	0.1360
13.895	0.1965
13.900	0.2955
13.905	0.4401
13.910	0.5632
13.915	0.5252
13.920	0.3767
13.925	0.2493
13.930	0.1683
13.935	0.1190
13.940	0.0881
13.945	0.0680
13.950	0.0544
13.955	0.0448
13.960	0.0378
13.965	0.0326
13.970	0.0287
13.975	0.0256
13.980	0.0232
13.985	0.0213
13.990	0.0198
13.995	0.0187
14.000	0.0177
14.005	0.0170
14.010	0.0164
14.015	0.0159
14.020	0.0156
14.025	0.0155
14.030	0.0154
14.035	0.0154
14.040	0.0155
14.045	0.0157
14.050	0.0161
14.055	0.0165
14.060	0.0171
14.065	0.0179
14.070	0.0189
14.075	0.0201
14.080	0.0216
14.085	0.0236
14.090	0.0262
14.095	0.0296
14.100	0.0343
14.105	0.0409
14.110	0.0506
14.115	0.0654
14.120	0.0892
14.125	0.1280
14.130	0.1864
14.135	0.2440
14.140	0.2409
14.145	0.1822
14.150	0.1267
14.155	0.0908
14.160	0.0694
14.165	0.0564
14.170	0.0485
14.175	0.0436
14.180	0.0406
14.185	0.0389
14.190	0.0382
14.195	0.0382
14.200	0.0388
14.205	0.0400
14.210	0.0416
14.215	0.0438
14.220	0.0465
14.225	0.0498
14.230	0.0538
14.235	0.0585
14.240	0.0642
14.245	0.0711
14.250	0.0794
14.255	0.0896
14.260	0.1021
14.265	0.1179
14.270	0.1381
14.275	0.1644
14.280	0.1997
14.285	0.2485
14.290	0.3185
14.295	0.4235
14.300	0.5872
14.305	0.8456
14.310	1.2108
14.315	1.5292
14.320	1.5633
14.325	1.5156
14.330	1.6911
14.335	2.1555
14.340	2.6103
14.345	2.4214
14.350	1.7488
14.355	1.1649
14.360	0.7894
14.365	0.5584
14.370	0.4124
14.375	0.3159
14.380	0.2495
14.385	0.2020
14.390	0.1669
14.395	0.1404
14.400	0.1198
14.405	0.1035
14.410	0.0904
14.415	0.0798
14.420	0.0709
14.425	0.0635
14.430	0.0573
14.435	0.0520
14.440	0.0475
14.445	0.0435
14.450	0.0401
14.455	0.0371
14.460	0.0345
14.465	0.0321
14.470	0.0301
14.475	0.0282
14.480	0.0266
14.485	0.0251
14.490	0.0238
14.495	0.0226
14.500	0.0216
14.505	0.0206
14.510	0.0197
14.515	0.0190
14.520	0.0183
14.525	0.0176
14.530	0.0171
14.535	0.0166
14.540	0.0162
14.545	0.0158
14.550	0.0155
14.555	0.0152
14.560	0.0150
14.565	0.0148
14.570	0.0147
14.575	0.0147
14.580	0.0147
14.585	0.0148
14.590	0.0150
14.595	0.0152
14.600	0.0155
14.605	0.0160
14.610	0.0166
14.615	0.0173
14.620	0.0183
14.625	0.0194
14.630	0.0209
14.635	0.0227
14.640	0.0251
14.645	0.0280
14.650	0.0319
14.655	0.0371
14.660	0.0441
14.665	0.0538
14.670	0.0678
14.675	0.0886
14.680	0.1208
14.685	0.1730
14.690	0.2587
14.695	0.3877
14.700	0.5120
14.705	0.4995
14.710	0.3669
14.715	0.2433
14.720	0.1632
14.725	0.1143
14.730	0.0839
14.735	0.0641
14.740	0.0507
14.745	0.0412
14.750	0.0343
14.755	0.0292
14.760	0.0252
14.765	0.0221
14.770	0.0196
14.775	0.0175
14.780	0.0159
14.785	0.0145
14.790	0.0133
14.795	0.0123
14.800	0.0115
14.805	0.0107
14.810	0.0101
14.815	0.0095
14.820	0.0090
14.825	0.0086
14.830	0.0082
14.835	0.0078
14.840	0.0075
14.845	0.0072
14.850	0.0069
14.855	0.0067
14.860	0.0065
14.865	0.0063
14.870	0.0061
14.875	0.0059
14.880	0.0057
14.885	0.0056
14.890	0.0054
14.895	0.0053
14.900	0.0052
14.905	0.0051
14.910	0.0050
14.915	0.0049
14.920	0.0048
14.925	0.0047
14.930	0.0046
14.935	0.0046
14.940	0.0045
14.945	0.0044
14.950	0.0043
14.955	0.0043
14.960	0.0042
14.965	0.0042
14.970	0.0041
14.975	0.0041
14.980	0.0040
14.985	0.0040
14.990	0.0039
14.995	0.0039
15.000	0.0039
15.005	0.0038
15.010	0.0038
15.015	0.0038
15.020	0.0037
15.025	0.0037
15.030	0.0037
15.035	0.0036
15.040	0.0036
15.045	0.0036
15.050	0.0035
15.055	0.0035
15.060	0.0035
15.065	0.0035
15.070	0.0035
15.075	0.0035
15.080	0.0034
15.085	0.0034
15.090	0.0034
15.095	0.0034
15.100	0.0034
15.105	0.0034
15.110	0.0034
15.115	0.0033
15.120	0.0033
15.125	0.0033
15.130	0.0033
15.135	0.0033
15.140	0.0033
15.145	0.0033
15.150	0.0033
15.155	0.0033
15.160	0.0033
15.165	0.0033
15.170	0.0033
15.175	0.0033
15.180	0.0032
15.185	0.0032
15.190	0.0032
15.195	0.0032
15.200	0.0032
15.205	0.0032
15.210	0.0032
15.215	0.0032
15.220	0.0032
15.225	0.0032
15.230	0.0032
15.235	0.0032
15.240	0.0032
15.245	0.0032
15.250	0.0032
15.255	0.0032
15.260	0.0032
15.265	0.0032
15.270	0.0032
15.275	0.0032
15.280	0.0032
15.285	0.0033
15.290	0.0033
15.295	0.0033
15.300	0.0033
15.305	0.0033
15.310	0.0033
15.315	0.0033
15.320	0.0033
15.325	0.0033
15.330	0.0032
15.335	0.0032
15.340	0.0032
15.345	0.0031
15.350	0.0032
15.355	0.0032
15.360	0.0033
15.365	0.0033
15.370	0.0034
15.375	0.0034
15.380	0.0034
15.385	0.0034
15.390	0.0034
15.395	0.0034
15.400	0.0035
15.405	0.0035
15.410	0.0035
15.415	0.0035
15.420	0.0035
15.425	0.0035
15.430	0.0036
15.435	0.0036
15.440	0.0036
15.445	0.0036
15.450	0.0036
15.455	0.0036
15.460	0.0037
15.465	0.0037
15.470	0.0037
15.475	0.0037
15.480	0.0037
15.485	0.0038
15.490	0.0038
15.495	0.0038
15.500	0.0038
15.505	0.0038
15.510	0.0039
15.515	0.0039
15.520	0.0039
15.525	0.0039
15.530	0.0040
15.535	0.0040
15.540	0.0040
15.545	0.0040
15.550	0.0041
15.555	0.0041
15.560	0.0041
15.565	0.0042
15.570	0.0042
15.575	0.0042
15.580	0.0043
15.585	0.0043
15.590	0.0043
15.595	0.0044
15.600	0.0044
15.605	0.0044
15.610	0.0045
15.615	0.0045
15.620	0.0045
15.625	0.0046
15.630	0.0046
15.635	0.0047
15.640	0.0047
15.645	0.0047
15.650	0.0048
15.655	0.0048
15.660	0.0049
15.665	0.0049
15.670	0.0050
15.675	0.0050
15.680	0.0051
15.685	0.0051
15.690	0.0052
15.695	0.0052
15.700	0.0053
15.705	0.0053
15.710	0.0054
15.715	0.0055
15.720	0.0055
15.725	0.0056
15.730	0.0056
15.735	0.0057
15.740	0.0058
15.745	0.0058
15.750	0.0059
15.755	0.0060
15.760	0.0061
15.765	0.0061
15.770	0.0062
15.775	0.0063
15.780	0.0064
15.785	0.0065
15.790	0.0066
15.795	0.0066
15.800	0.0067
15.805	0.0068
15.810	0.0068
15.815	0.0069
15.820	0.0070
15.825	0.0071
15.830	0.0073
15.835	0.0075
15.840	0.0077
15.845	0.0078
15.850	0.0079
15.855	0.0081
15.860	0.0083
15.865	0.0084
15.870	0.0086
15.875	0.0087
15.880	0.0089
15.885	0.0091
15.890	0.0093
15.895	0.0095
15.900	0.0097
15.905	0.0099
15.910	0.0101
15.915	0.0104
15.920	0.0106
15.925	0.0109
15.930	0.0112
15.935	0.0114
15.940	0.0117
15.945	0.0121
15.950	0.0124
15.955	0.0127
15.960	0.0131
15.965	0.0135
15.970	0.0139
15.975	0.0144
15.980	0.0148
15.985	0.0153
15.990	0.0158
15.995	0.0164
16.000	0.0170
16.005	0.0177
16.010	0.0183
16.015	0.0191
16.020	0.0199
16.025	0.0207
16.030	0.0217
16.035	0.0227
16.040	0.0238
16.045	0.0250
16.050	0.0263
16.055	0.0277
16.060	0.0292
16.065	0.0310
16.070	0.0329
16.075	0.0350
16.080	0.0373
16.085	0.0400
16.090	0.0429
16.095	0.0463
16.100	0.0501
16.105	0.0544
16.110	0.0594
16.115	0.0652
16.120	0.0720
16.125	0.0799
16.130	0.0894
16.135	0.1007
16.140	0.1145
16.145	0.1315
16.150	0.1528
16.155	0.1798
16.160	0.2148
16.165	0.2614
16.170	0.3248
16.175	0.4142
16.180	0.5447
16.185	0.7434
16.190	1.0593
16.195	1.5764
16.200	2.3945
16.205	3.3919
16.210	3.7836
16.215	3.1148
16.220	2.1467
16.225	1.4205
16.230	0.9655
16.235	0.6856
16.240	0.5077
16.245	0.3897
16.250	0.3082
16.255	0.2499
16.260	0.2069
16.265	0.1744
16.270	0.1493
16.275	0.1295
16.280	0.1136
16.285	0.1007
16.290	0.0901
16.295	0.0813
16.300	0.0739
16.305	0.0676
16.310	0.0623
16.315	0.0577
16.320	0.0538
16.325	0.0503
16.330	0.0473
16.335	0.0447
16.340	0.0424
16.345	0.0404
16.350	0.0386
16.355	0.0370
16.360	0.0356
16.365	0.0343
16.370	0.0332
16.375	0.0323
16.380	0.0314
16.385	0.0306
16.390	0.0299
16.395	0.0293
16.400	0.0288
16.405	0.0284
16.410	0.0280
16.415	0.0277
16.420	0.0275
16.425	0.0273
16.430	0.0271
16.435	0.0270
16.440	0.0269
16.445	0.0269
16.450	0.0269
16.455	0.0270
16.460	0.0271
16.465	0.0272
16.470	0.0274
16.475	0.0276
16.480	0.0278
16.485	0.0281
16.490	0.0284
16.495	0.0288
16.500	0.0292
16.505	0.0296
16.510	0.0301
16.515	0.0306
16.520	0.0311
16.525	0.0317
16.530	0.0324
16.535	0.0331
16.540	0.0338
16.545	0.0346
16.550	0.0355
16.555	0.0364
16.560	0.0374
16.565	0.0384
16.570	0.0395
16.575	0.0407
16.580	0.0420
16.585	0.0434
16.590	0.0448
16.595	0.0464
16.600	0.0480
16.605	0.0498
16.610	0.0518
16.615	0.0538
16.620	0.0560
16.625	0.0584
16.630	0.0610
16.635	0.0637
16.640	0.0667
16.645	0.0700
16.650	0.0735
16.655	0.0773
16.660	0.0815
16.665	0.0860
16.670	0.0910
16.675	0.0964
16.680	0.1024
16.685	0.1091
16.690	0.1164
16.695	0.1245
16.700	0.1336
16.705	0.1438
16.710	0.1552
16.715	0.1680
16.720	0.1826
16.725	0.1993
16.730	0.2184
16.735	0.2405
16.740	0.2661
16.745	0.2962
16.750	0.3317
16.755	0.3742
16.760	0.4253
16.765	0.4878
16.770	0.5652
16.775	0.6624
16.780	0.7869
16.785	0.9494
16.790	1.1670
16.795	1.4664
16.800	1.8921
16.805	2.5212
16.810	3.4908
16.815	5.0496
16.820	7.6096
16.825	11.5426
16.830	15.6905
16.835	15.9441
16.840	11.9625
16.845	7.9148
16.850	5.2370
16.855	3.6055
16.860	2.5939
16.865	1.9403
16.870	1.4996
16.875	1.1908
16.880	0.9670
16.885	0.8001
16.890	0.6727
16.895	0.5733
16.900	0.4943
16.905	0.4306
16.910	0.3785
16.915	0.3354
16.920	0.2993
16.925	0.2687
16.930	0.2427
16.935	0.2203
16.940	0.2010
16.945	0.1841
16.950	0.1693
16.955	0.1563
16.960	0.1448
16.965	0.1345
16.970	0.1253
16.975	0.1171
16.980	0.1097
16.985	0.1030
16.990	0.0969
16.995	0.0914
17.000	0.0864
17.005	0.0818
17.010	0.0776
17.015	0.0737
17.020	0.0701
17.025	0.0669
17.030	0.0638
17.035	0.0610
17.040	0.0584
17.045	0.0560
17.050	0.0537
17.055	0.0516
17.060	0.0496
17.065	0.0478
17.070	0.0461
17.075	0.0445
17.080	0.0430
17.085	0.0415
17.090	0.0402
17.095	0.0389
17.100	0.0378
17.105	0.0366
17.110	0.0356
17.115	0.0346
17.120	0.0337
17.125	0.0328
17.130	0.0319
17.135	0.0311
17.140	0.0304
17.145	0.0297
17.150	0.0290
17.155	0.0283
17.160	0.0277
17.165	0.0271
17.170	0.0266
17.175	0.0261
17.180	0.0256
17.185	0.0251
17.190	0.0247
17.195	0.0242
17.200	0.0238
17.205	0.0234
17.210	0.0231
17.215	0.0227
17.220	0.0224
17.225	0.0221
17.230	0.0218
17.235	0.0215
17.240	0.0212
17.245	0.0210
17.250	0.0207
17.255	0.0205
17.260	0.0203
17.265	0.0201
17.270	0.0199
17.275	0.0197
17.280	0.0195
17.285	0.0194
17.290	0.0192
17.295	0.0191
17.300	0.0190
17.305	0.0188
17.310	0.0187
17.315	0.0186
17.320	0.0185
17.325	0.0185
17.330	0.0184
17.335	0.0183
17.340	0.0183
17.345	0.0182
17.350	0.0182
17.355	0.0181
17.360	0.0181
17.365	0.0181
17.370	0.0181
17.375	0.0181
17.380	0.0181
17.385	0.0181
17.390	0.0181
17.395	0.0181
17.400	0.0182
17.405	0.0182
17.410	0.0182
17.415	0.0183
17.420	0.0184
17.425	0.0184
17.430	0.0185
17.435	0.0186
17.440	0.0187
17.445	0.0188
17.450	0.0189
17.455	0.0191
17.460	0.0192
17.465	0.0193
17.470	0.0195
17.475	0.0197
17.480	0.0198
17.485	0.0200
17.490	0.0202
17.495	0.0204
17.500	0.0206
17.505	0.0209
17.510	0.0211
17.515	0.0213
17.520	0.0216
17.525	0.0219
17.530	0.0222
17.535	0.0225
17.540	0.0228
17.545	0.0232
17.550	0.0236
17.555	0.0239
17.560	0.0243
17.565	0.0248
17.570	0.0252
17.575	0.0257
17.580	0.0262
17.585	0.0267
17.590	0.0272
17.595	0.0278
17.600	0.0284
17.605	0.0291
17.610	0.0298
17.615	0.0305
17.620	0.0313
17.625	0.0321
17.630	0.0329
17.635	0.0338
17.640	0.0348
17.645	0.0358
17.650	0.0369
17.655	0.0381
17.660	0.0394
17.665	0.0407
17.670	0.0421
17.675	0.0437
17.680	0.0454
17.685	0.0471
17.690	0.0491
17.695	0.0512
17.700	0.0534
17.705	0.0559
17.710	0.0586
17.715	0.0615
17.720	0.0648
17.725	0.0683
17.730	0.0722
17.735	0.0766
17.740	0.0814
17.745	0.0868
17.750	0.0929
17.755	0.0997
17.760	0.1075
17.765	0.1163
17.770	0.1265
17.775	0.1382
17.780	0.1519
17.785	0.1680
17.790	0.1871
17.795	0.2100
17.800	0.2377
17.805	0.2719
17.810	0.3145
17.815	0.3686
17.820	0.4388
17.825	0.5318
17.830	0.6584
17.835	0.8364
17.840	1.0958
17.845	1.4900
17.850	2.1157
17.855	3.1407
17.860	4.7777
17.865	6.8437
17.870	7.7351
17.875	6.2935
17.880	4.2610
17.885	2.8092
17.890	1.9171
17.895	1.3698
17.900	1.0213
17.905	0.7897
17.910	0.6295
17.915	0.5149
17.920	0.4304
17.925	0.3666
17.930	0.3174
17.935	0.2788
17.940	0.2481
17.945	0.2233
17.950	0.2031
17.955	0.1865
17.960	0.1728
17.965	0.1614
17.970	0.1519
17.975	0.1439
17.980	0.1373
17.985	0.1318
17.990	0.1273
17.995	0.1235
18.000	0.1206
18.005	0.1182
18.010	0.1165
18.015	0.1153
18.020	0.1146
18.025	0.1143
18.030	0.1145
18.035	0.1151
18.040	0.1161
18.045	0.1176
18.050	0.1194
18.055	0.1217
18.060	0.1243
18.065	0.1274
18.070	0.1310
18.075	0.1351
18.080	0.1396
18.085	0.1448
18.090	0.1505
18.095	0.1569
18.100	0.1640
18.105	0.1720
18.110	0.1808
18.115	0.1907
18.120	0.2017
18.125	0.2141
18.130	0.2281
18.135	0.2439
18.140	0.2619
18.145	0.2826
18.150	0.3069
18.155	0.3358
18.160	0.3713
18.165	0.4146
18.170	0.4620
18.175	0.5029
18.180	0.5407
18.185	0.5884
18.190	0.6512
18.195	0.7307
18.200	0.8299
18.205	0.9535
18.210	1.1089
18.215	1.3069
18.220	1.5636
18.225	1.9039
18.230	2.3666
18.235	3.0151
18.240	3.9570
18.245	5.3819
18.250	7.6328
18.255	11.3138
18.260	17.2504
18.265	25.1350
18.270	29.5428
18.275	24.8961
18.280	17.0257
18.285	11.1680
18.290	7.5432
18.295	5.3249
18.300	3.9186
18.305	2.9875
18.310	2.3454
18.315	1.8865
18.320	1.5485
18.325	1.2928
18.330	1.0950
18.335	0.9390
18.340	0.8138
18.345	0.7118
18.350	0.6274
18.355	0.5570
18.360	0.4983
18.365	0.4490
18.370	0.4068
18.375	0.3703
18.380	0.3384
18.385	0.3105
18.390	0.2859
18.395	0.2641
18.400	0.2447
18.405	0.2275
18.410	0.2120
18.415	0.1980
18.420	0.1854
18.425	0.1740
18.430	0.1637
18.435	0.1542
18.440	0.1456
18.445	0.1376
18.450	0.1304
18.455	0.1237
18.460	0.1175
18.465	0.1118
18.470	0.1065
18.475	0.1015
18.480	0.0970
18.485	0.0927
18.490	0.0887
18.495	0.0850
18.500	0.0815
18.505	0.0782
18.510	0.0752
18.515	0.0723
18.520	0.0696
18.525	0.0670
18.530	0.0646
18.535	0.0623
18.540	0.0602
18.545	0.0581
18.550	0.0562
18.555	0.0544
18.560	0.0526
18.565	0.0510
18.570	0.0494
18.575	0.0479
18.580	0.0465
18.585	0.0451
18.590	0.0438
18.595	0.0426
18.600	0.0414
18.605	0.0403
18.610	0.0392
18.615	0.0382
18.620	0.0372
18.625	0.0362
18.630	0.0353
18.635	0.0344
18.640	0.0336
18.645	0.0328
18.650	0.0320
18.655	0.0313
18.660	0.0306
18.665	0.0299
18.670	0.0292
18.675	0.0286
18.680	0.0279
18.685	0.0273
18.690	0.0268
18.695	0.0262
18.700	0.0257
18.705	0.0252
18.710	0.0247
18.715	0.0242
18.720	0.0237
18.725	0.0233
18.730	0.0228
18.735	0.0224
18.740	0.0219
18.745	0.0215
18.750	0.0211
18.755	0.0207
18.760	0.0204
18.765	0.0201
18.770	0.0198
18.775	0.0195
18.780	0.0192
18.785	0.0189
18.790	0.0186
18.795	0.0183
18.800	0.0180
18.805	0.0177
18.810	0.0175
18.815	0.0172
18.820	0.0170
18.825	0.0167
18.830	0.0165
18.835	0.0162
18.840	0.0160
18.845	0.0158
18.850	0.0156
18.855	0.0154
18.860	0.0152
18.865	0.0150
18.870	0.0148
18.875	0.0146
18.880	0.0144
18.885	0.0143
18.890	0.0141
18.895	0.0139
18.900	0.0138
18.905	0.0136
18.910	0.0135
18.915	0.0133
18.920	0.0132
18.925	0.0130
18.930	0.0129
18.935	0.0128
18.940	0.0126
18.945	0.0125
18.950	0.0124
18.955	0.0123
18.960	0.0122
18.965	0.0121
18.970	0.0119
18.975	0.0118
18.980	0.0117
18.985	0.0116
18.990	0.0115
18.995	0.0114
19.000	0.0114
19.005	0.0113
19.010	0.0112
19.015	0.0111
19.020	0.0110
19.025	0.0109
19.030	0.0109
19.035	0.0108
19.040	0.0107
19.045	0.0107
19.050	0.0106
19.055	0.0105
19.060	0.0105
19.065	0.0104
19.070	0.0103
19.075	0.0103
19.080	0.0102
19.085	0.0102
19.090	0.0101
19.095	0.0101
19.100	0.0101
19.105	0.0100
19.110	0.0100
19.115	0.0099
19.120	0.0099
19.125	0.0099
19.130	0.0098
19.135	0.0098
19.140	0.0098
19.145	0.0098
19.150	0.0097
19.155	0.0097
19.160	0.0097
19.165	0.0097
19.170	0.0097
19.175	0.0096
19.180	0.0096
19.185	0.0096
19.190	0.0096
19.195	0.0096
19.200	0.0096
19.205	0.0096
19.210	0.0096
19.215	0.0096
19.220	0.0096
19.225	0.0096
19.230	0.0097
19.235	0.0097
19.240	0.0097
19.245	0.0097
19.250	0.0097
19.255	0.0098
19.260	0.0098
19.265	0.0098
19.270	0.0099
19.275	0.0099
19.280	0.0099
19.285	0.0100
19.290	0.0100
19.295	0.0101
19.300	0.0101
19.305	0.0102
19.310	0.0102
19.315	0.0103
19.320	0.0104
19.325	0.0104
19.330	0.0105
19.335	0.0106
19.340	0.0107
19.345	0.0108
19.350	0.0109
19.355	0.0110
19.360	0.0111
19.365	0.0112
19.370	0.0113
19.375	0.0114
19.380	0.0115
19.385	0.0117
19.390	0.0118
19.395	0.0119
19.400	0.0121
19.405	0.0123
19.410	0.0124
19.415	0.0126
19.420	0.0128
19.425	0.0130
19.430	0.0132
19.435	0.0134
19.440	0.0136
19.445	0.0138
19.450	0.0141
19.455	0.0143
19.460	0.0146
19.465	0.0149
19.470	0.0152
19.475	0.0155
19.480	0.0158
19.485	0.0162
19.490	0.0166
19.495	0.0169
19.500	0.0173
19.505	0.0178
19.510	0.0182
19.515	0.0187
19.520	0.0192
19.525	0.0198
19.530	0.0203
19.535	0.0209
19.540	0.0216
19.545	0.0223
19.550	0.0230
19.555	0.0238
19.560	0.0246
19.565	0.0255
19.570	0.0264
19.575	0.0274
19.580	0.0285
19.585	0.0297
19.590	0.0309
19.595	0.0323
19.600	0.0337
19.605	0.0353
19.610	0.0370
19.615	0.0389
19.620	0.0409
19.625	0.0431
19.630	0.0455
19.635	0.0482
19.640	0.0511
19.645	0.0544
19.650	0.0580
19.655	0.0620
19.660	0.0664
19.665	0.0715
19.670	0.0772
19.675	0.0836
19.680	0.0910
19.685	0.0996
19.690	0.1094
19.695	0.1210
19.700	0.1346
19.705	0.1509
19.710	0.1705
19.715	0.1948
19.720	0.2255
19.725	0.2651
19.730	0.3159
19.735	0.3768
19.740	0.4462
19.745	0.5375
19.750	0.6705
19.755	0.8696
19.760	1.1757
19.765	1.6639
19.770	2.4636
19.775	3.7243
19.780	5.2306
19.785	5.7053
19.790	4.5440
19.795	3.1182
19.800	2.1522
19.805	1.5946
19.810	1.3018
19.815	1.1923
19.820	1.2440
19.825	1.4825
19.830	1.9438
19.835	2.4693
19.840	2.4855
19.845	1.9068
19.850	1.3115
19.855	0.9124
19.860	0.6661
19.865	0.5118
19.870	0.4120
19.875	0.3459
19.880	0.3026
19.885	0.2763
19.890	0.2648
19.895	0.2692
19.900	0.2944
19.905	0.3508
19.910	0.4548
19.915	0.6052
19.920	0.7034
19.925	0.6179
19.930	0.4490
19.935	0.3175
19.940	0.2343
19.945	0.1826
19.950	0.1494
19.955	0.1273
19.960	0.1122
19.965	0.1020
19.970	0.0953
19.975	0.0918
19.980	0.0913
19.985	0.0942
19.990	0.1018
19.995	0.1164
20.000	0.1425
20.005	0.1877
20.010	0.2617
20.015	0.3533
20.020	0.3856
20.025	0.3135
20.030	0.2199
20.035	0.1539
20.040	0.1130
20.045	0.0874
20.050	0.0707
20.055	0.0592
20.060	0.0510
20.065	0.0449
20.070	0.0402
20.075	0.0365
20.080	0.0335
20.085	0.0310
20.090	0.0289
20.095	0.0272
20.100	0.0256
20.105	0.0243
20.110	0.0231
20.115	0.0220
20.120	0.0211
20.125	0.0202
20.130	0.0194
20.135	0.0187
20.140	0.0181
20.145	0.0175
20.150	0.0169
20.155	0.0164
20.160	0.0159
20.165	0.0155
20.170	0.0151
20.175	0.0147
20.180	0.0143
20.185	0.0140
20.190	0.0136
20.195	0.0133
20.200	0.0130
20.205	0.0128
20.210	0.0125
20.215	0.0123
20.220	0.0120
20.225	0.0118
20.230	0.0116
20.235	0.0114
20.240	0.0112
20.245	0.0111
20.250	0.0109
20.255	0.0107
20.260	0.0106
20.265	0.0104
20.270	0.0103
20.275	0.0102
20.280	0.0101
20.285	0.0099
20.290	0.0098
20.295	0.0097
20.300	0.0096
20.305	0.0096
20.310	0.0095
20.315	0.0094
20.320	0.0093
20.325	0.0093
20.330	0.0092
20.335	0.0092
20.340	0.0091
20.345	0.0091
20.350	0.0091
20.355	0.0091
20.360	0.0091
20.365	0.0091
20.370	0.0091
20.375	0.0091
20.380	0.0092
20.385	0.0093
20.390	0.0094
20.395	0.0096
20.400	0.0099
20.405	0.0104
20.410	0.0111
20.415	0.0122
20.420	0.0133
20.425	0.0136
20.430	0.0129
20.435	0.0124
20.440	0.0122
20.445	0.0125
20.450	0.0132
20.455	0.0142
20.460	0.0159
20.465	0.0185
20.470	0.0225
20.475	0.0291
20.480	0.0399
20.485	0.0560
20.490	0.0710
20.495	0.0686
20.500	0.0520
20.505	0.0370
20.510	0.0273
20.515	0.0214
20.520	0.0177
20.525	0.0153
20.530	0.0137
20.535	0.0126
20.540	0.0118
20.545	0.0112
20.550	0.0108
20.555	0.0105
20.560	0.0102
20.565	0.0100
20.570	0.0099
20.575	0.0098
20.580	0.0098
20.585	0.0097
20.590	0.0097
20.595	0.0097
20.600	0.0097
20.605	0.0098
20.610	0.0099
20.615	0.0099
20.620	0.0101
20.625	0.0102
20.630	0.0104
20.635	0.0106
20.640	0.0108
20.645	0.0111
20.650	0.0115
20.655	0.0121
20.660	0.0128
20.665	0.0139
20.670	0.0154
20.675	0.0179
20.680	0.0218
20.685	0.0279
20.690	0.0345
20.695	0.0355
20.700	0.0297
20.705	0.0235
20.710	0.0194
20.715	0.0170
20.720	0.0156
20.725	0.0147
20.730	0.0142
20.735	0.0140
20.740	0.0138
20.745	0.0138
20.750	0.0138
20.755	0.0139
20.760	0.0140
20.765	0.0142
20.770	0.0143
20.775	0.0146
20.780	0.0148
20.785	0.0151
20.790	0.0153
20.795	0.0156
20.800	0.0160
20.805	0.0163
20.810	0.0167
20.815	0.0171
20.820	0.0175
20.825	0.0179
20.830	0.0184
20.835	0.0189
20.840	0.0194
20.845	0.0199
20.850	0.0205
20.855	0.0211
20.860	0.0218
20.865	0.0225
20.870	0.0232
20.875	0.0239
20.880	0.0248
20.885	0.0256
20.890	0.0265
20.895	0.0275
20.900	0.0285
20.905	0.0296
20.910	0.0308
20.915	0.0321
20.920	0.0334
20.925	0.0349
20.930	0.0364
20.935	0.0381
20.940	0.0399
20.945	0.0419
20.950	0.0439
20.955	0.0462
20.960	0.0487
20.965	0.0514
20.970	0.0543
20.975	0.0575
20.980	0.0610
20.985	0.0648
20.990	0.0690
20.995	0.0737
21.000	0.0789
21.005	0.0847
21.010	0.0912
21.015	0.0984
21.020	0.1066
21.025	0.1159
21.030	0.1265
21.035	0.1386
21.040	0.1526
21.045	0.1689
21.050	0.1879
21.055	0.2103
21.060	0.2371
21.065	0.2693
21.070	0.3086
21.075	0.3572
21.080	0.4181
21.085	0.4959
21.090	0.5972
21.095	0.7324
21.100	0.9178
21.105	1.1803
21.110	1.5662
21.115	2.1581
21.120	3.1051
21.125	4.6604
21.130	7.0920
21.135	9.8634
21.140	10.4453
21.145	8.0605
21.150	5.3664
21.155	3.5392
21.160	2.4236
21.165	1.7348
21.170	1.2921
21.175	0.9950
21.180	0.7878
21.185	0.6381
21.190	0.5270
21.195	0.4423
21.200	0.3764
21.205	0.3242
21.210	0.2821
21.215	0.2478
21.220	0.2194
21.225	0.1957
21.230	0.1757
21.235	0.1586
21.240	0.1440
21.245	0.1313
21.250	0.1204
21.255	0.1107
21.260	0.1023
21.265	0.0948
21.270	0.0881
21.275	0.0822
21.280	0.0769
21.285	0.0722
21.290	0.0679
21.295	0.0640
21.300	0.0605
21.305	0.0574
21.310	0.0545
21.315	0.0519
21.320	0.0495
21.325	0.0473
21.330	0.0453
21.335	0.0435
21.340	0.0419
21.345	0.0404
21.350	0.0390
21.355	0.0378
21.360	0.0366
21.365	0.0356
21.370	0.0347
21.375	0.0340
21.380	0.0333
21.385	0.0327
21.390	0.0323
21.395	0.0319
21.400	0.0317
21.405	0.0316
21.410	0.0316
21.415	0.0317
21.420	0.0320
21.425	0.0325
21.430	0.0332
21.435	0.0342
21.440	0.0354
21.445	0.0370
21.450	0.0390
21.455	0.0416
21.460	0.0448
21.465	0.0490
21.470	0.0545
21.475	0.0616
21.480	0.0711
21.485	0.0842
21.490	0.1024
21.495	0.1289
21.500	0.1689
21.505	0.2316
21.510	0.3340
21.515	0.5009
21.520	0.7357
21.525	0.9060
21.530	0.8071
21.535	0.5679
21.540	0.3769
21.545	0.2570
21.550	0.1840
21.555	0.1379
21.560	0.1077
21.565	0.0870
21.570	0.0724
21.575	0.0616
21.580	0.0536
21.585	0.0475
21.590	0.0427
21.595	0.0390
21.600	0.0361
21.605	0.0337
21.610	0.0319
21.615	0.0305
21.620	0.0295
21.625	0.0288
21.630	0.0283
21.635	0.0282
21.640	0.0284
21.645	0.0289
21.650	0.0297
21.655	0.0310
21.660	0.0329
21.665	0.0354
21.670	0.0388
21.675	0.0436
21.680	0.0502
21.685	0.0597
21.690	0.0737
21.695	0.0952
21.700	0.1296
21.705	0.1858
21.710	0.2720
21.715	0.3635
21.720	0.3716
21.725	0.2883
21.730	0.2041
21.735	0.1505
21.740	0.1211
21.745	0.1073
21.750	0.1045
21.755	0.1114
21.760	0.1295
21.765	0.1635
21.770	0.2231
21.775	0.3236
21.780	0.4688
21.785	0.5808
21.790	0.5252
21.795	0.3732
21.800	0.2489
21.805	0.1703
21.810	0.1222
21.815	0.0918
21.820	0.0717
21.825	0.0579
21.830	0.0480
21.835	0.0407
21.840	0.0352
21.845	0.0308
21.850	0.0274
21.855	0.0247
21.860	0.0224
21.865	0.0205
21.870	0.0189
21.875	0.0176
21.880	0.0164
21.885	0.0155
21.890	0.0146
21.895	0.0139
21.900	0.0132
21.905	0.0126
21.910	0.0121
21.915	0.0116
21.920	0.0112
21.925	0.0109
21.930	0.0105
21.935	0.0102
21.940	0.0100
21.945	0.0098
21.950	0.0095
21.955	0.0094
21.960	0.0092
21.965	0.0091
21.970	0.0089
21.975	0.0088
21.980	0.0087
21.985	0.0086
21.990	0.0086
21.995	0.0085
22.000	0.0085
22.005	0.0085
22.010	0.0085
22.015	0.0085
22.020	0.0085
22.025	0.0086
22.030	0.0087
22.035	0.0087
22.040	0.0089
22.045	0.0090
22.050	0.0091
22.055	0.0093
22.060	0.0095
22.065	0.0098
22.070	0.0101
22.075	0.0104
22.080	0.0108
22.085	0.0113
22.090	0.0118
22.095	0.0125
22.100	0.0132
22.105	0.0141
22.110	0.0152
22.115	0.0166
22.120	0.0183
22.125	0.0204
22.130	0.0231
22.135	0.0267
22.140	0.0315
22.145	0.0382
22.150	0.0478
22.155	0.0624
22.160	0.0853
22.165	0.1227
22.170	0.1828
22.175	0.2623
22.180	0.3061
22.185	0.2591
22.190	0.1805
22.195	0.1223
22.200	0.0866
22.205	0.0649
22.210	0.0514
22.215	0.0428
22.220	0.0370
22.225	0.0332
22.230	0.0307
22.235	0.0292
22.240	0.0283
22.245	0.0280
22.250	0.0282
22.255	0.0289
22.260	0.0300
22.265	0.0316
22.270	0.0336
22.275	0.0362
22.280	0.0395
22.285	0.0436
22.290	0.0487
22.295	0.0551
22.300	0.0632
22.305	0.0737
22.310	0.0874
22.315	0.1056
22.320	0.1306
22.325	0.1658
22.330	0.2174
22.335	0.2960
22.340	0.4208
22.345	0.6257
22.350	0.9524
22.355	1.3611
22.360	1.5287
22.365	1.2363
22.370	0.8346
22.375	0.5493
22.380	0.3741
22.385	0.2664
22.390	0.1978
22.395	0.1520
22.400	0.1203
22.405	0.0975
22.410	0.0806
22.415	0.0678
22.420	0.0578
22.425	0.0500
22.430	0.0437
22.435	0.0385
22.440	0.0342
22.445	0.0307
22.450	0.0277
22.455	0.0251
22.460	0.0229
22.465	0.0210
22.470	0.0193
22.475	0.0179
22.480	0.0166
22.485	0.0155
22.490	0.0145
22.495	0.0135
22.500	0.0127
22.505	0.0120
22.510	0.0113
22.515	0.0107
22.520	0.0102
22.525	0.0097
22.530	0.0092
22.535	0.0088
22.540	0.0084
22.545	0.0080
22.550	0.0077
22.555	0.0074
22.560	0.0071
22.565	0.0068
22.570	0.0066
22.575	0.0064
22.580	0.0061
22.585	0.0059
22.590	0.0058
22.595	0.0056
22.600	0.0054
22.605	0.0052
22.610	0.0051
22.615	0.0049
22.620	0.0048
22.625	0.0047
22.630	0.0046
22.635	0.0044
22.640	0.0043
22.645	0.0042
22.650	0.0041
22.655	0.0040
22.660	0.0039
22.665	0.0039
22.670	0.0038
22.675	0.0037
22.680	0.0036
22.685	0.0035
22.690	0.0035
22.695	0.0034
22.700	0.0033
22.705	0.0033
22.710	0.0032
22.715	0.0032
22.720	0.0031
22.725	0.0030
22.730	0.0030
22.735	0.0029
22.740	0.0029
22.745	0.0029
22.750	0.0028
22.755	0.0028
22.760	0.0027
22.765	0.0027
22.770	0.0026
22.775	0.0026
22.780	0.0026
22.785	0.0025
22.790	0.0025
22.795	0.0025
22.800	0.0024
22.805	0.0024
22.810	0.0024
22.815	0.0023
22.820	0.0023
22.825	0.0023
22.830	0.0022
22.835	0.0022
22.840	0.0022
22.845	0.0022
22.850	0.0021
22.855	0.0021
22.860	0.0021
22.865	0.0021
22.870	0.0021
22.875	0.0020
22.880	0.0020
22.885	0.0020
22.890	0.0020
22.895	0.0019
22.900	0.0019
22.905	0.0019
22.910	0.0019
22.915	0.0019
22.920	0.0019
22.925	0.0018
22.930	0.0018
22.935	0.0018
22.940	0.0018
22.945	0.0018
22.950	0.0018
22.955	0.0017
22.960	0.0017
22.965	0.0017
22.970	0.0017
22.975	0.0017
22.980	0.0017
22.985	0.0017
22.990	0.0016
22.995	0.0016
23.000	0.0016
23.005	0.0016
23.010	0.0016
23.015	0.0016
23.020	0.0016
23.025	0.0016
23.030	0.0015
23.035	0.0015
23.040	0.0015
23.045	0.0015
23.050	0.0015
23.055	0.0015
23.060	0.0015
23.065	0.0015
23.070	0.0015
23.075	0.0014
23.080	0.0014
23.085	0.0014
23.090	0.0014
23.095	0.0014
23.100	0.0014
23.105	0.0014
23.110	0.0014
23.115	0.0014
23.120	0.0014
23.125	0.0014
23.130	0.0013
23.135	0.0013
23.140	0.0013
23.145	0.0013
23.150	0.0013
23.155	0.0013
23.160	0.0013
23.165	0.0013
23.170	0.0013
23.175	0.0013
23.180	0.0013
23.185	0.0013
23.190	0.0013
23.195	0.0012
23.200	0.0012
23.205	0.0012
23.210	0.0012
23.215	0.0012
23.220	0.0012
23.225	0.0012
23.230	0.0012
23.235	0.0012
23.240	0.0012
23.245	0.0012
23.250	0.0012
23.255	0.0012
23.260	0.0012
23.265	0.0012
23.270	0.0012
23.275	0.0011
23.280	0.0011
23.285	0.0011
23.290	0.0011
23.295	0.0011
23.300	0.0011
23.305	0.0011
23.310	0.0011
23.315	0.0011
23.320	0.0011
23.325	0.0011
23.330	0.0011
23.335	0.0011
23.340	0.0011
23.345	0.0011
23.350	0.0011
23.355	0.0011
23.360	0.0011
23.365	0.0011
23.370	0.0011
23.375	0.0010
23.380	0.0010
23.385	0.0010
23.390	0.0010
23.395	0.0010
23.400	0.0010
23.405	0.0010
23.410	0.0010
23.415	0.0010
23.420	0.0010
23.425	0.0010
23.430	0.0010
23.435	0.0010
23.440	0.0010
23.445	0.0010
23.450	0.0010
23.455	0.0010
23.460	0.0010
23.465	0.0010
23.470	0.0010
23.475	0.0010
23.480	0.0010
23.485	0.0010
23.490	0.0010
23.495	0.0010
23.500	0.0010
23.505	0.0010
23.510	0.0010
23.515	0.0009
23.520	0.0009
23.525	0.0009
23.530	0.0009
23.535	0.0009
23.540	0.0009
23.545	0.0009
23.550	0.0009
23.555	0.0009
23.560	0.0009
23.565	0.0009
23.570	0.0009
23.575	0.0009
23.580	0.0009
23.585	0.0009
23.590	0.0009
23.595	0.0009
23.600	0.0009
23.605	0.0009
23.610	0.0009
23.615	0.0009
23.620	0.0009
23.625	0.0009
23.630	0.0009
23.635	0.0009
23.640	0.0009
23.645	0.0009
23.650	0.0009
23.655	0.0009
23.660	0.0009
23.665	0.0009
23.670	0.0009
23.675	0.0009
23.680	0.0009
23.685	0.0009
23.690	0.0009
23.695	0.0009
23.700	0.0009
23.705	0.0009
23.710	0.0009
23.715	0.0009
23.720	0.0009
23.725	0.0009
23.730	0.0009
23.735	0.0009
23.740	0.0009
23.745	0.0009
23.750	0.0009
23.755	0.0009
23.760	0.0009
23.765	0.0009
23.770	0.0009
23.775	0.0009
23.780	0.0009
23.785	0.0009
23.790	0.0009
23.795	0.0009
23.800	0.0009
23.805	0.0009
23.810	0.0009
23.815	0.0009
23.820	0.0009
23.825	0.0009
23.830	0.0009
23.835	0.0009
23.840	0.0009
23.845	0.0009
23.850	0.0009
23.855	0.0009
23.860	0.0009
23.865	0.0009
23.870	0.0009
23.875	0.0009
23.880	0.0009
23.885	0.0009
23.890	0.0009
23.895	0.0009
23.900	0.0009
23.905	0.0009
23.910	0.0009
23.915	0.0009
23.920	0.0010
23.925	0.0010
23.930	0.0010
23.935	0.0010
23.940	0.0010
23.945	0.0010
23.950	0.0010
23.955	0.0010
23.960	0.0010
23.965	0.0010
23.970	0.0010
23.975	0.0011
23.980	0.0011
23.985	0.0011
23.990	0.0011
23.995	0.0011
24.000	0.0011
24.005	0.0011
24.010	0.0012
24.015	0.0012
24.020	0.0012
24.025	0.0012
24.030	0.0012
24.035	0.0013
24.040	0.0013
24.045	0.0013
24.050	0.0014
24.055	0.0014
24.060	0.0014
24.065	0.0015
24.070	0.0015
24.075	0.0016
24.080	0.0016
24.085	0.0017
24.090	0.0018
24.095	0.0018
24.100	0.0019
24.105	0.0020
24.110	0.0021
24.115	0.0022
24.120	0.0024
24.125	0.0025
24.130	0.0027
24.135	0.0028
24.140	0.0031
24.145	0.0033
24.150	0.0036
24.155	0.0039
24.160	0.0043
24.165	0.0048
24.170	0.0053
24.175	0.0060
24.180	0.0068
24.185	0.0078
24.190	0.0091
24.195	0.0108
24.200	0.0131
24.205	0.0161
24.210	0.0204
24.215	0.0267
24.220	0.0361
24.225	0.0510
24.230	0.0753
24.235	0.1146
24.240	0.1663
24.245	0.1941
24.250	0.1627
24.255	0.1112
24.260	0.0731
24.265	0.0496
24.270	0.0352
24.275	0.0261
24.280	0.0201
24.285	0.0159
24.290	0.0129
24.295	0.0107
24.300	0.0090
24.305	0.0078
24.310	0.0067
24.315	0.0059
24.320	0.0053
24.325	0.0047
24.330	0.0043
24.335	0.0039
24.340	0.0036
24.345	0.0033
24.350	0.0030
24.355	0.0028
24.360	0.0027
24.365	0.0025
24.370	0.0024
24.375	0.0022
24.380	0.0021
24.385	0.0020
24.390	0.0019
24.395	0.0018
24.400	0.0018
24.405	0.0017
24.410	0.0017
24.415	0.0016
24.420	0.0015
24.425	0.0015
24.430	0.0015
24.435	0.0014
24.440	0.0014
24.445	0.0014
24.450	0.0013
24.455	0.0013
24.460	0.0013
24.465	0.0013
24.470	0.0012
24.475	0.0012
24.480	0.0012
24.485	0.0012
24.490	0.0012
24.495	0.0012
24.500	0.0011
24.505	0.0011
24.510	0.0011
24.515	0.0011
24.520	0.0011
24.525	0.0011
24.530	0.0011
24.535	0.0011
24.540	0.0011
24.545	0.0011
24.550	0.0011
24.555	0.0011
24.560	0.0011
24.565	0.0011
24.570	0.0011
24.575	0.0011
24.580	0.0011
24.585	0.0011
24.590	0.0011
24.595	0.0011
24.600	0.0011
24.605	0.0011
24.610	0.0011
24.615	0.0011
24.620	0.0012
24.625	0.0012
24.630	0.0012
24.635	0.0012
24.640	0.0012
24.645	0.0012
24.650	0.0012
24.655	0.0013
24.660	0.0013
24.665	0.0013
24.670	0.0013
24.675	0.0014
24.680	0.0014
24.685	0.0015
24.690	0.0015
24.695	0.0015
24.700	0.0016
24.705	0.0017
24.710	0.0017
24.715	0.0018
24.720	0.0019
24.725	0.0020
24.730	0.0021
24.735	0.0022
24.740	0.0023
24.745	0.0025
24.750	0.0027
24.755	0.0029
24.760	0.0032
24.765	0.0035
24.770	0.0039
24.775	0.0045
24.780	0.0052
24.785	0.0062
24.790	0.0075
24.795	0.0095
24.800	0.0126
24.805	0.0174
24.810	0.0253
24.815	0.0373
24.820	0.0497
24.825	0.0501
24.830	0.0382
24.835	0.0264
24.840	0.0187
24.845	0.0141
24.850	0.0114
24.855	0.0099
24.860	0.0089
24.865	0.0085
24.870	0.0084
24.875	0.0086
24.880	0.0090
24.885	0.0097
24.890	0.0107
24.895	0.0121
24.900	0.0141
24.905	0.0167
24.910	0.0204
24.915	0.0256
24.920	0.0333
24.925	0.0452
24.930	0.0641
24.935	0.0952
24.940	0.1444
24.945	0.2034
24.950	0.2222
24.955	0.1758
24.960	0.1182
24.965	0.0782
24.970	0.0538
24.975	0.0387
24.980	0.0291
24.985	0.0227
24.990	0.0183
24.995	0.0151
25.000	0.0128
25.005	0.0111
25.010	0.0098
25.015	0.0089
25.020	0.0082
25.025	0.0077
25.030	0.0075
25.035	0.0074
25.040	0.0077
25.045	0.0083
25.050	0.0094
25.055	0.0113
25.060	0.0145
25.065	0.0201
25.070	0.0286
25.075	0.0371
25.080	0.0365
25.085	0.0275
25.090	0.0189
25.095	0.0133
25.100	0.0098
25.105	0.0077
25.110	0.0063
25.115	0.0053
25.120	0.0046
25.125	0.0041
25.130	0.0038
25.135	0.0035
25.140	0.0033
25.145	0.0032
25.150	0.0031
25.155	0.0030
25.160	0.0030
25.165	0.0030
25.170	0.0031
25.175	0.0032
25.180	0.0034
25.185	0.0036
25.190	0.0039
25.195	0.0044
25.200	0.0049
25.205	0.0057
25.210	0.0068
25.215	0.0084
25.220	0.0107
25.225	0.0144
25.230	0.0203
25.235	0.0299
25.240	0.0449
25.245	0.0611
25.250	0.0629
25.255	0.0478
25.260	0.0320
25.265	0.0215
25.270	0.0150
25.275	0.0110
25.280	0.0084
25.285	0.0067
25.290	0.0055
25.295	0.0046
25.300	0.0039
25.305	0.0034
25.310	0.0030
25.315	0.0027
25.320	0.0024
25.325	0.0022
25.330	0.0021
25.335	0.0019
25.340	0.0018
25.345	0.0017
25.350	0.0016
25.355	0.0015
25.360	0.0014
25.365	0.0014
25.370	0.0013
25.375	0.0013
25.380	0.0012
25.385	0.0012
25.390	0.0012
25.395	0.0011
25.400	0.0011
25.405	0.0011
25.410	0.0011
25.415	0.0011
25.420	0.0010
25.425	0.0010
25.430	0.0010
25.435	0.0010
25.440	0.0010
25.445	0.0010
25.450	0.0010
25.455	0.0011
25.460	0.0011
25.465	0.0011
25.470	0.0012
25.475	0.0013
25.480	0.0014
25.485	0.0016
25.490	0.0020
25.495	0.0025
25.500	0.0034
25.505	0.0046
25.510	0.0055
25.515	0.0048
25.520	0.0036
25.525	0.0026
25.530	0.0020
25.535	0.0017
25.540	0.0014
25.545	0.0013
25.550	0.0012
25.555	0.0011
25.560	0.0010
25.565	0.0010
25.570	0.0010
25.575	0.0010
25.580	0.0010
25.585	0.0009
25.590	0.0009
25.595	0.0009
25.600	0.0009
25.605	0.0009
25.610	0.0010
25.615	0.0010
25.620	0.0010
25.625	0.0010
25.630	0.0010
25.635	0.0010
25.640	0.0011
25.645	0.0011
25.650	0.0011
25.655	0.0012
25.660	0.0012
25.665	0.0013
25.670	0.0013
25.675	0.0014
25.680	0.0015
25.685	0.0015
25.690	0.0016
25.695	0.0018
25.700	0.0019
25.705	0.0021
25.710	0.0023
25.715	0.0025
25.720	0.0028
25.725	0.0032
25.730	0.0037
25.735	0.0044
25.740	0.0053
25.745	0.0065
25.750	0.0082
25.755	0.0107
25.760	0.0147
25.765	0.0210
25.770	0.0314
25.775	0.0472
25.780	0.0631
25.785	0.0628
25.790	0.0467
25.795	0.0311
25.800	0.0209
25.805	0.0147
25.810	0.0108
25.815	0.0083
25.820	0.0067
25.825	0.0055
25.830	0.0047
25.835	0.0041
25.840	0.0036
25.845	0.0033
25.850	0.0031
25.855	0.0029
25.860	0.0028
25.865	0.0027
25.870	0.0027
25.875	0.0027
25.880	0.0028
25.885	0.0029
25.890	0.0031
25.895	0.0034
25.900	0.0038
25.905	0.0044
25.910	0.0053
25.915	0.0065
25.920	0.0083
25.925	0.0112
25.930	0.0160
25.935	0.0237
25.940	0.0349
25.945	0.0439
25.950	0.0402
25.955	0.0288
25.960	0.0193
25.965	0.0133
25.970	0.0097
25.975	0.0075
25.980	0.0061
25.985	0.0052
25.990	0.0046
25.995	0.0043
26.000	0.0043
