12.00	0.3500
12.01	0.6252
12.02	0.7001
12.03	0.9387
12.04	1.201
12.05	2.0223
12.06	1.8289
12.07	3.098
12.08	2.91
12.09	2.3558
12.1	2.1627
12.11	1.8706
12.12	1.5459
12.13	1.7076
12.14	1.2527
12.15	0.7251
12.16	0.3497
12.17	0.2109
12.18	0.127
12.19	0.0255
12.2	0.182
12.21	0.3611
12.22	0.2321
12.23	0.2522
12.24	0.2454
12.25	0.4339
12.26	0.7388
12.27	0.0571
12.28	0.1112
12.29	0.2500
12.3	0.4052
12.31	0.4102
12.32	0.0572
12.33	0.5301
12.34	0.8086
12.35	0.5459
12.36	1.0181
12.37	0.4238
12.38	0.3787
12.39	0.5005
12.4	0.2516
12.41	0.1439
12.42	0.1106
12.43	0.3297
12.44	0.4918
12.45	0.4729
12.46	0.5734
12.47	0.3645
12.48	0.6161
12.49	0.299
12.5	0.647
12.51	0.5065
12.52	0.8537
12.53	0.4215
12.54	0.5601
12.55	0.7721
12.56	0.8458
12.57	1.0093
12.58	0.6475
12.59	0.9246
12.6	0.8814
12.61	0.4406
12.62	0.4535
12.63	0.4184
12.64	0.3723
12.65	0.9306
12.66	2.0784
12.67	1.821
12.68	2.1673
12.69	2.2005
12.7	1.8698
12.71	1.0181
12.72	0.6972
12.73	0.1903
12.74	0.6524
12.75	0.5546
12.76	0.6732
12.77	0.2924
12.78	0.7383
12.79	0.0534
12.8	0.3941
12.81	0.5134
12.82	0.7322
12.83	0.7387
12.84	0.8845
12.85	0.9126
12.86	1.3829
12.87	0.9227
12.88	1.5005
12.89	1.9225
12.9	1.7311
12.91	1.7278
12.92	1.2755
12.93	1.1748
12.94	1.1552
12.95	0.8109
12.96	0.9458
12.97	0.3323
12.98	0.6078
12.99	0.7833
13.00	0.6335
13.01	0.4276
13.02	0.5675
13.03	0.2954
13.04	0.4134
13.05	0.6855
13.06	0.1681
13.07	1.5407
13.08	1.5665
13.09	1.2174
13.1	1.1449
13.11	1.3209
13.12	0.7009
13.13	0.7575
13.14	0.5674
13.15	0.4013
13.16	0.7097
13.17	1.239
13.18	1.2527
13.19	1.0796
13.2	1.1852
13.21	1.3371
13.22	1.1415
13.23	1.505
13.24	1.4763
13.25	2.1837
13.26	1.6567
13.27	2.6572
13.28	2.1686
13.29	2.0509
13.3	1.7928
13.31	1.69
13.32	0.7902
13.33	2.0364
13.34	1.1977
13.35	1.1201
13.36	0.9207
13.37	0.8455
13.38	0.9047
13.39	0.6508
13.4	0.7311
13.41	0.8939
13.42	1.1131
13.43	1.0859
13.44	1.2277
13.45	1.337
13.46	1.2837
13.47	0.9353
13.48	0.7063
13.49	0.9201
13.5	0.8404
13.51	1.3907
13.52	1.3308
13.53	1.2582
13.54	1.4834
13.55	1.1938
13.56	0.8391
13.57	0.9591
13.58	0.8217
13.59	0.9165
13.6	0.7222
13.61	0.7251
13.62	0.6549
13.63	0.5543
13.64	0.343
13.65	0.6465
13.66	0.9297
13.67	0.8967
13.68	0.4444
13.69	0.2083
13.7	0.8467
13.71	0.2954
13.72	1.023
13.73	0.6296
13.74	0.9152
13.75	0.3709
13.76	1.0748
13.77	0.5052
13.78	0.8891
13.79	0.8991
13.8	0.7119
13.81	0.7928
13.82	0.7207
13.83	1.0905
13.84	1.1104
13.85	0.6172
13.86	1.2258
13.87	1.1286
13.88	0.9399
13.89	1.0024
13.9	1.6043
13.91	1.5063
13.92	1.3336
13.93	0.8229
13.94	0.882
13.95	0.7399
13.96	1.1204
13.97	1.1605
13.98	1.1294
13.99	1.3745
14.00	1.5235
14.01	1.307
14.02	1.0453
14.03	1.3787
14.04	1.3161
14.05	0.9173
14.06	0.9811
14.07	0.3765
14.08	1.0852
14.09	0.8318
14.1	0.5907
14.11	0.7279
14.12	0.6414
14.13	1.0822
14.14	0.9137
14.15	1.0749
14.16	1.2484
14.17	1.2456
14.18	1.286
14.19	1.331
14.2	1.4958
14.21	1.4272
14.22	1.7732
14.23	1.4051
14.24	1.2335
14.25	2.3969
14.26	1.9847
14.27	1.3531
14.28	1.2232
14.29	1.9049
14.3	1.8415
14.31	2.0638
14.32	2.1622
14.33	2.6833
14.34	2.7752
14.35	2.4862
14.36	2.2766
14.37	1.9427
14.38	1.9172
14.39	1.1205
14.4	0.9428
14.41	1.2764
14.42	1.0803
14.43	1.2585
14.44	0.8077
14.45	0.7159
14.46	1.1811
14.47	1.0738
14.48	0.984
14.49	0.4248
14.5	0.8719
14.51	0.9369
14.52	0.7531
14.53	1.0677
14.54	1.1894
14.55	0.7701
14.56	0.7424
14.57	0.8833
14.58	0.9317
14.59	1.177
14.6	0.8928
14.61	0.8529
14.62	0.6713
14.63	1.1219
14.64	0.7712
14.65	1.3904
14.66	2.154
14.67	1.6173
14.68	1.9323
14.69	1.5762
14.7	2.4211
14.71	2.6674
14.72	1.6937
14.73	1.5027
14.74	1.3517
14.75	1.4888
14.76	0.9591
14.77	1.061
14.78	0.9329
14.79	1.0305
14.8	1.2651
14.81	1.3527
14.82	1.1064
14.83	1.4035
14.84	1.3159
14.85	1.8472
14.86	0.9403
14.87	1.9137
14.88	1.4653
14.89	1.5554
14.9	1.5711
14.91	1.6848
14.92	1.9057
14.93	1.5285
14.94	1.4702
14.95	1.3833
14.96	1.6276
14.97	1.3504
14.98	1.5086
14.99	1.465
15.00	1.8205
15.01	1.8812
15.02	1.6535
15.03	1.441
15.04	1.4275
15.05	1.8747
15.06	1.6668
15.07	1.7075
15.08	1.7313
15.09	1.7104
15.1	1.3893
15.11	1.1404
15.12	1.6123
15.13	2.2286
15.14	1.9772
15.15	2.5037
15.16	1.4333
15.17	1.5048
15.18	1.2642
15.19	0.6269
15.2	1.1219
15.21	1.6637
15.22	1.1972
15.23	1.8181
15.24	1.3465
15.25	1.1059
15.26	1.3372
15.27	1.3787
15.28	1.7269
15.29	1.5236
15.3	0.8628
15.31	1.3844
15.32	1.1734
15.33	1.3101
15.34	1.0885
15.35	0.9617
15.36	1.1294
15.37	0.9503
15.38	0.899
15.39	1.1861
15.4	1.3506
15.41	1.3589
15.42	1.9438
15.43	1.4022
15.44	1.713
15.45	1.3311
15.46	1.1169
15.47	1.4998
15.48	1.4057
15.49	1.4543
15.5	1.6562
15.51	1.6771
15.52	1.3778
15.53	1.0074
15.54	1.1262
15.55	1.6743
15.56	1.8399
15.57	1.857
15.58	2.0016
15.59	2.2043
15.6	2.2961
15.61	1.6019
15.62	1.4784
15.63	1.0278
15.64	1.3375
15.65	0.8937
15.66	0.8086
15.67	1.273
15.68	1.5539
15.69	0.7191
15.7	1.1181
15.71	0.6557
15.72	0.8392
15.73	0.8392
15.74	1.5816
15.75	1.3714
15.76	1.1938
15.77	1.409
15.78	1.6538
15.79	1.6372
15.8	1.5192
15.81	1.4211
15.82	1.1512
15.83	1.2769
15.84	0.9831
15.85	1.4457
15.86	1.1773
15.87	1.3845
15.88	1.7063
15.89	1.9404
15.9	1.3172
15.91	2.1761
15.92	1.9435
15.93	1.1005
15.94	1.1959
15.95	0.7373
15.96	0.8357
15.97	0.7077
15.98	1.1565
15.99	1.3743
16.00	0.8579
16.01	1.4196
16.02	1.6113
16.03	1.4588
16.04	0.785
16.05	1.0975
16.06	1.3786
16.07	1.0983
16.08	0.7113
16.09	0.7727
16.1	1.3884
16.11	1.5554
16.12	1.307
16.13	1.5144
16.14	1.1367
16.15	1.7341
16.16	1.9633
16.17	2.1513
16.18	2.1977
16.19	1.9965
16.2	1.7619
16.21	1.9428
16.22	1.5949
16.23	1.4088
16.24	1.4188
16.25	0.9164
16.26	1.4894
16.27	1.1695
16.28	1.1325
16.29	1.1586
16.3	1.376
16.31	1.6426
16.32	1.9138
16.33	1.7507
16.34	1.5851
16.35	1.2404
16.36	1.8888
16.37	2.2305
16.38	2.0361
16.39	2.8845
16.4	2.3247
16.41	2.4406
16.42	1.9582
16.43	2.2301
16.44	2.1282
16.45	1.2002
16.46	2.268
16.47	1.636
16.48	1.9643
16.49	2.4312
16.5	1.1727
16.51	1.1631
16.52	1.5908
16.53	1.6459
16.54	1.7511
16.55	1.8977
16.56	1.6331
16.57	1.8479
16.58	1.6564
16.59	1.9588
16.6	1.7299
16.61	1.6281
16.62	2.1941
16.63	2.0586
16.64	1.9733
16.65	2.2868
16.66	1.8551
16.67	2.1297
16.68	2.0226
16.69	1.6976
16.7	1.6681
16.71	2.4873
16.72	2.8832
16.73	2.4143
16.74	2.3468
16.75	2.1286
16.76	2.2542
16.77	2.0724
16.78	2.3979
16.79	2.037
16.8	2.5538
16.81	2.0445
16.82	2.271
16.83	1.9603
16.84	2.2301
16.85	2.7096
16.86	2.6938
16.87	2.023
16.88	2.9025
16.89	2.4701
16.9	2.483
16.91	2.3722
16.92	2.278
16.93	3.2935
16.94	3.3957
16.95	3.3737
16.96	2.9923
16.97	2.5559
16.98	2.4691
16.99	2.1074
17.00	2.1861
17.01	1.8677
17.02	1.9413
17.03	2.3753
17.04	2.2762
17.05	2.1732
17.06	2.0486
17.07	2.2345
17.08	1.7998
17.09	2.5303
17.1	2.2705
17.11	1.636
17.12	1.1682
17.13	1.9435
17.14	1.8706
17.15	1.7224
17.16	1.708
17.17	2.0223
17.18	1.6862
17.19	1.9954
17.2	2.7392
17.21	3.1223
17.22	2.6523
17.23	3.0164
17.24	2.8746
17.25	2.761
17.26	2.7268
17.27	2.2501
17.28	2.3791
17.29	2.8373
17.3	2.4582
17.31	2.3043
17.32	2.1344
17.33	2.4609
17.34	2.0251
17.35	2.9943
17.36	2.2379
17.37	2.0754
17.38	2.2967
17.39	2.2726
17.4	2.6815
17.41	2.2756
17.42	1.7785
17.43	1.9533
17.44	1.9087
17.45	1.6958
17.46	2.3581
17.47	2.1922
17.48	2.0602
17.49	2.0026
17.5	2.6514
17.51	1.6927
17.52	2.3296
17.53	2.5537
17.54	2.3294
17.55	2.306
17.56	1.9637
17.57	1.9866
17.58	2.3663
17.59	2.3301
17.6	2.8238
17.61	2.1585
17.62	2.0258
17.63	1.6636
17.64	2.1134
17.65	1.769
17.66	2.8096
17.67	1.9004
17.68	1.5034
17.69	2.2301
17.7	2.3506
17.71	2.5525
17.72	2.3404
17.73	2.5084
17.74	2.5363
17.75	3.2838
17.76	2.4132
17.77	2.8493
17.78	2.7226
17.79	2.6858
17.8	2.2192
17.81	3.2215
17.82	2.5454
17.83	2.4518
17.84	2.8316
17.85	2.1322
17.86	3.0146
17.87	2.4948
17.88	2.4534
17.89	2.5889
17.9	3.1713
17.91	2.7473
17.92	3.2262
17.93	2.9311
17.94	3.125
17.95	3.1831
17.96	3.1465
17.97	3.5729
17.98	3.0881
17.99	3.4764
18.00	3.5778
18.01	3.5269
18.02	3.3505
18.03	3.1583
18.04	3.3462
18.05	3.4589
18.06	2.6706
18.07	2.9045
18.08	3.0972
18.09	2.7204
18.1	2.9879
18.11	2.6894
18.12	3.5079
18.13	3.2561
18.14	3.3532
18.15	3.1884
18.16	2.2182
18.17	2.9366
18.18	3.3685
18.19	2.6478
18.2	2.6209
18.21	2.1188
18.22	2.7926
18.23	2.7086
18.24	2.9703
18.25	3.2288
18.26	3.1646
18.27	3.0021
18.28	2.9358
18.29	2.3266
18.3	2.8979
18.31	3.035
18.32	2.1499
18.33	2.6058
18.34	2.712
18.35	2.92
18.36	2.6788
18.37	3.2325
18.38	2.7973
18.39	2.7061
18.4	3.294
18.41	2.9183
18.42	2.533
18.43	3.2403
18.44	3.435
18.45	3.0608
18.46	3.2491
18.47	2.761
18.48	3.8675
18.49	3.3806
18.5	3.2211
18.51	3.4634
18.52	3.2168
18.53	3.0087
18.54	3.0632
18.55	3.3376
18.56	3.713
18.57	3.1483
18.58	3.0563
18.59	3.2892
18.6	3.6974
18.61	3.8371
18.62	3.4444
18.63	3.3114
18.64	3.5714
18.65	3.4906
18.66	3.5341
18.67	3.5398
18.68	3.6594
18.69	3.5351
18.7	2.9654
18.71	3.4354
18.72	3.2581
18.73	3.3685
18.74	3.098
18.75	3.5466
18.76	3.3797
18.77	3.0987
18.78	2.8001
18.79	2.9279
18.8	2.454
18.81	2.71
18.82	2.909
18.83	3.0436
18.84	3.0138
18.85	2.3948
18.86	2.0723
18.87	2.5936
18.88	2.4785
18.89	2.9595
18.9	2.9466
18.91	2.7624
18.92	3.4333
18.93	3.607
18.94	3.5021
18.95	3.4486
18.96	3.679
18.97	3.3526
18.98	3.6707
18.99	3.0799
19.00	3.1794
19.01	2.5749
19.02	3.019
19.03	3.7141
19.04	2.8335
19.05	3.3593
19.06	3.9262
19.07	3.1365
19.08	3.2169
19.09	3.3821
19.1	3.1056
19.11	3.5243
19.12	3.5992
19.13	3.6998
19.14	3.0972
19.15	3.8911
19.16	3.6536
19.17	3.1737
19.18	3.764
19.19	3.5122
19.2	2.9135
19.21	2.8296
19.22	3.2092
19.23	2.7272
19.24	3.3237
19.25	2.8869
19.26	3.5303
19.27	3.6744
19.28	3.6194
19.29	3.4901
19.3	3.1772
19.31	3.5518
19.32	3.1213
19.33	3.6277
19.34	3.4195
19.35	2.4665
19.36	2.93
19.37	2.7461
19.38	2.886
19.39	2.848
19.4	2.7295
19.41	3.1372
19.42	3.1593
19.43	3.5514
19.44	2.5441
19.45	3.0761
19.46	2.8402
19.47	2.9358
19.48	3.1467
19.49	2.7559
19.5	2.6622
19.51	3.1094
19.52	2.9809
19.53	2.4188
19.54	2.9617
19.55	2.2338
19.56	2.465
19.57	2.697
19.58	3.2738
19.59	3.251
19.6	2.8007
19.61	2.8449
19.62	2.622
19.63	2.8554
19.64	2.9265
19.65	3.3009
19.66	2.8254
19.67	2.8887
19.68	3.2997
19.69	3.6455
19.7	3.0566
19.71	3.5175
19.72	3.0924
19.73	3.1077
19.74	3.912
19.75	2.6332
19.76	2.3454
19.77	2.8077
19.78	2.8402
19.79	2.9174
19.8	2.928
19.81	3.3191
19.82	2.9689
19.83	2.8456
19.84	2.923
19.85	2.0273
19.86	2.9118
19.87	2.7825
19.88	2.2043
19.89	2.8654
19.9	3.2222
19.91	2.8075
19.92	2.712
19.93	2.3088
19.94	2.3764
19.95	2.44
19.96	2.2383
19.97	2.892
19.98	2.9175
19.99	2.9933
20.00	2.1864
20.01	2.9062
20.02	2.6127
20.03	2.8845
20.04	2.8791
20.05	3.1305
20.06	2.4931
20.07	3.1416
20.08	2.6546
20.09	2.5565
20.1	2.1941
20.11	2.5761
20.12	2.1533
20.13	2.2626
20.14	2.1581
20.15	2.8112
20.16	2.6171
20.17	2.2904
20.18	2.2421
20.19	2.9171
20.2	2.9594
20.21	1.659
20.22	2.5562
20.23	2.7987
20.24	2.5841
20.25	2.91
20.26	2.9267
20.27	2.3617
20.28	2.8196
20.29	2.5138
20.3	2.3247
20.31	1.7277
20.32	2.1319
20.33	2.3496
20.34	2.5469
20.35	2.2797
20.36	2.2998
20.37	1.9113
20.38	2.2732
20.39	2.0905
20.4	1.8679
20.41	2.4963
20.42	2.438
20.43	1.7394
20.44	2.2003
20.45	2.211
20.46	2.2595
20.47	2.1328
20.48	1.9494
20.49	2.618
20.5	2.2241
20.51	2.6619
20.52	2.587
20.53	2.2286
20.54	2.2735
20.55	1.9412
20.56	2.2301
20.57	2.1941
20.58	2.4543
20.59	1.9476
20.6	1.9592
20.61	2.4794
20.62	2.3104
20.63	1.8032
20.64	2.0212
20.65	2.1707
20.66	2.0566
20.67	2.812
20.68	2.4624
20.69	2.5325
20.7	2.477
20.71	2.0789
20.72	2.1733
20.73	2.8198
20.74	2.3386
20.75	2.0703
20.76	2.4856
20.77	2.0685
20.78	2.6889
20.79	1.8348
20.8	2.6995
20.81	1.7126
20.82	2.0682
20.83	2.1319
20.84	2.2996
20.85	1.956
20.86	2.5143
20.87	2.1711
20.88	2.0895
20.89	2.3489
20.9	2.0016
20.91	1.9643
20.92	2.013
20.93	1.9779
20.94	2.1029
20.95	1.9289
20.96	1.931
20.97	1.2125
20.98	2.0085
20.99	1.982
21.00	1.69
21.01	1.8994
21.02	2.4795
21.03	2.1257
21.04	1.7998
21.05	1.7465
21.06	2.4963
21.07	1.9912
21.08	2.2933
21.09	2.6578
21.1	2.2815
21.11	2.4937
21.12	2.18
21.13	1.7512
21.14	2.263
21.15	1.9821
21.16	2.2922
21.17	1.1497
21.18	1.7278
21.19	1.8357
21.2	1.8831
21.21	1.8718
21.22	1.442
21.23	1.7274
21.24	2.1755
21.25	2.2261
21.26	1.8584
21.27	1.7019
21.28	2.0161
21.29	1.8468
21.3	2.1116
21.31	2.3033
21.32	1.3383
21.33	2.0317
21.34	1.9332
21.35	2.1697
21.36	2.119
21.37	2.1041
21.38	1.4544
21.39	1.376
21.4	1.5386
21.41	1.7388
21.42	1.7607
21.43	1.7074
21.44	1.4796
21.45	1.9981
21.46	1.8541
21.47	1.7353
21.48	1.7158
21.49	1.2715
21.5	1.8216
21.51	1.7642
21.52	1.8604
21.53	1.5559
21.54	1.4192
21.55	2.1297
21.56	1.2667
21.57	1.3574
21.58	1.3405
21.59	1.4141
21.6	1.404
21.61	1.447
21.62	1.2181
21.63	1.1727
21.64	1.442
21.65	1.6611
21.66	0.978
21.67	1.3383
21.68	1.6783
21.69	0.9798
21.7	1.3653
21.71	1.8392
21.72	1.5763
21.73	1.0261
21.74	1.9706
21.75	1.106
21.76	1.2309
21.77	1.5988
21.78	1.7993
21.79	1.6706
21.8	1.2402
21.81	1.0809
21.82	1.4993
21.83	1.23
21.84	1.0502
21.85	1.5809
21.86	1.1941
21.87	1.5988
21.88	0.9475
21.89	1.4587
21.9	1.599
21.91	1.5556
21.92	1.6023
21.93	1.3967
21.94	1.0539
21.95	0.9201
21.96	0.9629
21.97	1.6589
21.98	1.1204
21.99	1.5964
22.00	1.0244
22.01	1.862
22.02	1.3135
22.03	1.4005
22.04	1.6582
22.05	1.6216
22.06	1.4562
22.07	1.4645
22.08	1.7699
22.09	1.1659
22.1	1.4398
22.11	0.9744
22.12	1.4957
22.13	1.5268
22.14	1.368
22.15	1.1586
22.16	1.5869
22.17	1.3647
22.18	1.2428
22.19	1.0545
22.2	1.5523
22.21	0.9557
22.22	1.5243
22.23	1.4818
22.24	1.3126
22.25	1.6198
22.26	1.2807
22.27	1.5383
22.28	1.2944
22.29	1.6429
22.3	0.8808
22.31	1.1861
22.32	1.4607
22.33	1.3678
22.34	1.6207
22.35	1.4035
22.36	0.9163
22.37	1.4946
22.38	1.8518
22.39	1.4887
22.4	1.3604
22.41	1.3515
22.42	1.485
22.43	1.514
22.44	1.5001
22.45	1.3728
22.46	1.2896
22.47	1.4711
22.48	1.2181
22.49	1.0936
22.5	1.2489
22.51	1.7687
22.52	1.191
22.53	1.3186
22.54	1.1815
22.55	1.4602
22.56	1.2678
22.57	1.1651
22.58	1.3049
22.59	1.1828
22.6	1.3016
22.61	1.3137
22.62	1.3858
22.63	1.2676
22.64	1.6554
22.65	1.4967
22.66	1.8707
22.67	1.4448
22.68	1.7549
22.69	1.3308
22.7	1.6966
22.71	1.0626
22.72	1.1941
22.73	1.2584
22.74	1.3734
22.75	1.049
22.76	1.1958
22.77	0.8154
22.78	1.0567
22.79	1.6128
22.8	1.0341
22.81	1.3866
22.82	0.8892
22.83	1.3571
22.84	1.8856
22.85	1.1962
22.86	1.0994
22.87	1.3285
22.88	1.5715
22.89	1.6542
22.9	1.018
22.91	0.9767
22.92	1.22
22.93	0.8696
22.94	0.7642
22.95	1.2614
22.96	1.473
22.97	1.5801
22.98	1.147
22.99	0.4062
23.00	1.0388
23.01	1.621
23.02	1.2191
23.03	1.1178
23.04	1.1025
23.05	1.4846
23.06	0.9734
23.07	0.7662
23.08	1.1894
23.09	0.983
23.1	1.0601
23.11	1.7081
23.12	1.52
23.13	0.9031
23.14	1.3977
23.15	1.4739
23.16	1.0758
23.17	1.0063
23.18	1.0147
23.19	1.4164
23.2	1.1264
23.21	1.4164
23.22	1.3619
23.23	1.1325
23.24	1.4628
23.25	1.3818
23.26	1.1369
23.27	1.0987
23.28	0.481
23.29	0.3214
23.3	0.7198
23.31	1.5332
23.32	1.3751
23.33	1.4229
23.34	0.9518
23.35	1.1258
23.36	0.9729
23.37	0.7031
23.38	0.9808
23.39	1.4555
23.4	0.9575
23.41	1.5629
23.42	1.0142
23.43	0.4969
23.44	1.3597
23.45	1.2589
23.46	0.7251
23.47	1.0063
23.48	1.6043
23.49	0.9766
23.5	1.1761
23.51	1.2702
23.52	1.0725
23.53	1.0493
23.54	1.2299
23.55	1.1686
23.56	1.1008
23.57	1.5659
23.58	0.8519
23.59	0.7654
23.6	0.3793
23.61	0.6986
23.62	1.0867
23.63	1.4809
23.64	1.2845
23.65	1.0319
23.66	0.9517
23.67	1.3803
23.68	0.9838
23.69	1.2371
23.7	0.8086
23.71	1.0276
23.72	1.233
23.73	0.6779
23.74	1.2837
23.75	1.5953
23.76	0.8893
23.77	0.8806
23.78	0.7508
23.79	0.794
23.8	1.4245
23.81	0.4948
23.82	0.9575
23.83	1.3845
23.84	1.3159
23.85	0.5708
23.86	0.8701
23.87	0.9079
23.88	0.8867
23.89	1.4966
23.9	0.85
23.91	0.966
23.92	1.1227
23.93	0.8503
23.94	1.4922
23.95	0.5184
23.96	0.3165
23.97	0.6498
23.98	1.1515
23.99	1.3674
24.00	0.9247
