8005  0  0.140583
8015  0  0.141215
8025  0  0.141907
8035  0  0.142556
8045  0  0.143132
8055  0  0.143805
8065  0  0.144501
8075  0  0.145218
8085  0  0.145933
8095  0  0.146659
8105  0  0.147492
8115  0  0.148268
8125  0  0.149048
8135  0  0.149834
8145  0  0.150701
8155  0  0.151412
8165  0  0.152205
8175  0  0.152998
8185  0  0.15377
8195  0  0.15455
8205  0  0.155445
8215  0  0.156376
8225  0  0.157364
8235  0  0.158234
8245  0  0.159149
8255  0  0.160053
8265  0  0.160948
8275  0  0.161814
8285  0  0.162699
8295  0  0.163657
8305  0  0.164487
8315  0  0.165385
8325  0  0.166346
8335  0  0.167197
8345  0  0.168117
8355  0  0.168996
8365  0  0.169803
8375  0  0.170673
8385  0  0.171522
8395  0  0.17245
8405  0  0.173395
8415  0  0.1744
8425  0  0.175324
8435  0  0.176154
8445  0  0.177053
8455  0  0.177863
8465  0  0.178702
8475  0  0.179573
8485  0  0.180445
8495  0  0.181293
8505  0  0.18212
8515  0  0.182924
8525  0  0.183788
8535  0  0.184562
8545  0  0.185373
8555  0  0.18618
8565  0  0.186965
8575  0  0.187685
8585  0  0.188564
8595  0  0.189386
8605  0  0.19026
8615  0  0.191039
8625  0  0.191841
8635  0  0.192643
8645  0  0.193401
8655  0  0.194119
8665  0  0.194787
8675  0  0.195553
8685  0  0.19625
8695  0  0.197078
8705  0  0.197707
8715  0  0.198381
8725  0  0.199051
8735  0  0.199763
8745  0  0.200411
8755  0  0.201126
8765  0  0.201754
8775  0  0.202379
8785  0  0.203033
8795  0  0.203619
8805  0  0.204157
8815  0  0.204649
8825  0  0.205175
8835  0  0.205716
8845  0  0.206275
8855  0  0.206838
8865  0  0.207366
8875  0  0.207874
8885  0  0.208368
8895  0  0.208804
8905  0  0.20919
8915  0  0.209632
8925  0  0.210048
8935  0  0.210455
8945  0  0.210837
8955  0  0.211182
8965  0  0.211586
8975  0  0.211918
8985  0  0.212257
8995  0  0.212536
9005  0  0.212877
9015  0  0.213132
9025  0  0.213397
9035  0  0.21357
9045  0  0.213765
9055  0  0.213966
9065  0  0.214141
9075  0  0.214307
9085  0  0.214408
9095  0  0.214503
9105  0  0.214629
9115  1.05373  0.229101
9125  1.14553  0.230382
9135  1.45174  0.234418
9145  1.36047  0.233238
9155  1.44128  0.234261
9165  1.02715  0.22886
9175  0.915367  0.227328
9185  0.885161  0.226924
9195  1.34359  0.233002
9205  1.11735  0.229983
9215  1.19595  0.23094
9225  1.94483  0.240459
9235  1.63684  0.236371
9245  1.2085  0.230701
9255  1.14523  0.229743
9265  1.11247  0.229182
9275  1.28092  0.231259
9285  0.553918  0.221344
9295  0.578355  0.22151
9305  0.26798  0.217065
9315  0.787114  0.224069
9325  0.814942  0.224315
9335  0.902226  0.225297
9345  1.97397  0.239156
9355  1.84221  0.237303
9365  3.52876  0.257807
9375  4.13167  0.264706
9385  3.92493  0.262192
9395  3.52775  0.257379
9405  2.21305  0.241147
9415  1.59956  0.23308
9425  1.34531  0.229502
9435  1.1073  0.226112
9445  1.23097  0.227571
9455  0.986658  0.224069
9465  0.890156  0.222587
9475  1.12466  0.225623
9485  1.35964  0.228539
9495  2.38037  0.241452
9505  2.37835  0.241223
9515  2.2828  0.239847
9525  2.23416  0.239002
9535  2.12999  0.237458
9545  1.95197  0.234966
9555  1.2308  0.225215
9565  1.33538  0.226437
9575  1.20023  0.224397
9585  1.08827  0.222752
9595  1.57839  0.229101
9605  1.54718  0.228458
9615  1.12906  0.222587
9625  1.13186  0.222422
9635  0.949912  0.219676
9645  0.979166  0.219843
9655  0.375244  0.211138
9665  0.955026  0.219089
9675  0.760061  0.216216
9685  1.20047  0.222091
9695  1.40465  0.224725
9705  1.25785  0.222504
9715  1.58356  0.226843
9725  1.21783  0.221676
9735  2.16745  0.234183
9745  2.86127  0.242819
9755  2.05204  0.23229
9765  2.16549  0.233553
9775  1.63791  0.226437
9785  1.89269  0.229663
9795  2.18231  0.233238
9805  2.45743  0.236682
9815  2.83844  0.241375
9825  3.59214  0.250572
9835  3.38891  0.24799
9845  2.79735  0.240459
9855  2.51606  0.236682
9865  2.24504  0.233002
9875  2.52045  0.236371
9885  2.35831  0.234025
9895  2.36354  0.233868
9905  1.19441  0.217995
9915  1.2635  0.218753
9925  1.69303  0.224479
9935  1.32076  0.219173
9945  1.71925  0.224479
9955  1.76551  0.224888
9965  1.79589  0.225134
9975  1.84518  0.225542
9985  2.31716  0.231656
9995  1.97337  0.226924
10005  1.5838  0.22151
10015  1.11408  0.214765
10025  1.50383  0.220011
10035  1.42059  0.218669
10045  1.96101  0.225949
10055  2.03272  0.226761
10065  1.90767  0.22497
10075  1.93211  0.225134
10085  2.38923  0.23102
10095  2.12113  0.227328
10105  3.17515  0.240842
10115  2.59073  0.233159
10125  2.80627  0.235748
10135  2.37424  0.229983
10145  1.63387  0.219843
10155  1.85256  0.222669
10165  1.69344  0.220345
10175  0.937842  0.209477
10185  1.05087  0.210964
10195  1.118  0.211747
10205  1.30042  0.214165
10215  1.76253  0.220428
10225  2.08343  0.224643
10235  2.5421  0.230622
10245  1.73501  0.219592
10255  1.40334  0.214765
10265  1.2761  0.212787
10275  0.687045  0.204051
10285  1.24382  0.212008
10295  1.33687  0.213219
10305  1.62019  0.217065
10315  2.63682  0.230622
10325  2.74884  0.231973
10335  2.20949  0.224643
10345  2.46284  0.227894
10355  2.15829  0.223658
10365  2.22055  0.224397
10375  2.1659  0.223494
10385  2.0892  0.222256
10395  1.91516  0.219676
10405  1.66752  0.216131
10415  2.08534  0.221759
10425  2.577  0.228217
10435  2.82655  0.231338
10445  2.84885  0.231497
10455  2.8696  0.231656
10465  2.96241  0.232765
10475  2.66654  0.2287
10485  2.52759  0.22668
10495  2.84587  0.230701
10505  3.24876  0.235826
10515  5.04632  0.257807
10525  5.9866  0.2685
10535  5.48263  0.262683
10545  3.99563  0.24478
10555  3.27421  0.235592
10565  2.12803  0.220261
10575  2.40754  0.223905
10585  2.09758  0.219592
10595  2.40546  0.223658
10605  2.56493  0.225623
10615  3.32047  0.235436
10625  3.44843  0.236915
10635  3.56996  0.238308
10645  2.83226  0.228619
10655  3.06082  0.231497
10665  2.42443  0.222917
10675  1.93919  0.216131
10685  1.44074  0.208949
10695  1.40001  0.208244
10705  1.32944  0.207093
10715  1.49467  0.209301
10725  1.75385  0.212787
10735  2.07648  0.217235
10745  2.87304  0.227894
10755  2.98399  0.229262
10765  2.85872  0.22749
10775  3.03941  0.229743
10785  2.49156  0.222256
10795  3.17694  0.231259
10805  3.53232  0.235748
10815  3.75654  0.238463
10825  3.98332  0.241223
10835  4.20355  0.243877
10845  3.18181  0.230701
10855  2.71976  0.224397
10865  2.2935  0.218501
10875  2.52712  0.221593
10885  2.18017  0.216641
10895  2.24344  0.217488
10905  1.65896  0.209125
10915  1.24227  0.202876
10925  1.29358  0.2036
10935  1.6897  0.209301
10945  1.3949  0.20495
10955  1.74702  0.210003
10965  1.94275  0.212787
10975  1.88883  0.211921
10985  1.52488  0.206559
10995  1.50044  0.206024
11005  1.38533  0.204231
11015  1.40007  0.204321
11025  1.88419  0.211312
11035  2.18059  0.215449
11045  2.83065  0.224315
11055  3.00463  0.226518
11065  3.0032  0.226437
11075  2.40124  0.218164
11085  1.87937  0.210702
11095  1.54605  0.205756
11105  1.65396  0.20727
11115  1.30137  0.201967
11125  1.44776  0.204141
11135  1.9129  0.210877
11145  1.41399  0.20351
11155  1.94537  0.211225
11165  2.65769  0.221178
11175  2.86645  0.223905
11185  3.28949  0.229582
11195  2.98114  0.22546
11205  2.21032  0.214765
11215  2.07136  0.2127
11225  1.91344  0.21044
11235  1.61121  0.206024
11245  1.91166  0.210353
11255  1.81391  0.208861
11265  2.35879  0.216641
11275  2.8869  0.223905
11285  2.03997  0.212094
11295  2.03741  0.212007
11305  2.02278  0.211747
11315  1.79215  0.208421
11325  2.16787  0.213821
11335  2.36093  0.216471
11345  2.56838  0.219341
11355  2.4645  0.217826
11365  2.35831  0.216301
11375  2.65554  0.220345
11385  2.43186  0.217235
11395  2.24718  0.214594
11405  2.91508  0.223823
11415  2.94844  0.224233
11425  2.20836  0.213993
11435  2.43614  0.217235
11445  2.8184  0.222504
11455  2.274  0.214937
11465  2.86157  0.223082
11475  3.21481  0.227813
11485  3.05933  0.225705
11495  2.45612  0.217404
11505  2.19938  0.213821
11515  2.47396  0.217658
11525  2.77803  0.221842
11535  2.45963  0.217404
11545  2.48841  0.217742
11555  2.16008  0.213046
11565  2.22643  0.213907
11575  2.48002  0.217404
11585  2.6625  0.219927
11595  2.38311  0.215961
11605  2.07255  0.211486
11615  1.67763  0.205756
11625  1.88978  0.208773
11635  1.77752  0.207182
11645  1.80166  0.207536
11655  1.86742  0.208509
11665  1.26142  0.199494
11675  1.2365  0.199032
11685  1.22907  0.198847
11695  1.59361  0.204231
11705  1.71051  0.205846
11715  1.72276  0.205935
11725  1.74208  0.206203
11735  1.84899  0.207802
11745  1.65188  0.204861
11755  1.59831  0.204051
11765  2.07446  0.210964
11775  2.16465  0.212268
11785  2.05965  0.21079
11795  2.4016  0.21562
11805  2.53508  0.217488
11815  2.36479  0.215022
11825  2.39547  0.215449
11835  2.29808  0.213993
11845  2.01577  0.209915
11855  1.83668  0.20727
11865  2.00346  0.20974
11875  1.79857  0.206737
11885  1.57054  0.203329
11895  1.56287  0.203238
11905  1.72068  0.205488
11915  1.77443  0.206203
11925  2.23244  0.212787
11935  1.98217  0.209125
11945  2.18867  0.212007
11955  1.88443  0.207448
11965  2.16572  0.211399
11975  1.90244  0.207448
11985  2.30278  0.213132
11995  1.98824  0.208509
12005  2.02112  0.209037
12015  2.14634  0.21079
12025  1.7887  0.205578
12035  1.63292  0.203238
12045  2.14515  0.210702
12055  2.17667  0.211138
12065  2.40832  0.214423
12075  2.94112  0.221759
12085  2.26032  0.212181
12095  2.14063  0.21044
12105  1.80332  0.205488
12115  1.78495  0.205219
12125  1.8217  0.205756
12135  2.03046  0.208773
12145  1.58142  0.20215
12155  2.05186  0.209037
12165  1.93265  0.20727
12175  2.03587  0.208773
12185  1.78245  0.20504
12195  1.55276  0.201512
12205  1.44324  0.19977
12215  1.85594  0.205935
12225  1.80998  0.205219
12235  1.77496  0.204681
12245  2.29969  0.212268
12255  3.01337  0.222173
12265  2.58425  0.216216
12275  3.05095  0.222587
12285  3.17634  0.224233
12295  2.91175  0.220595
12305  2.72761  0.217995
12315  2.43989  0.213907
12325  2.40451  0.213305
12335  2.02665  0.207802
12345  2.26972  0.211312
12355  2.07398  0.208421
12365  2.19141  0.210178
12375  2.52432  0.214937
12385  2.22596  0.210702
12395  2.22566  0.210702
12405  2.3262  0.212181
12415  2.28541  0.211573
12425  2.20413  0.210353
12435  2.39095  0.21296
12445  1.62976  0.201785
12455  1.85535  0.20504
12465  2.19004  0.209828
12475  2.20271  0.209915
12485  2.24481  0.21044
12495  2.69437  0.216811
12505  2.81828  0.218501
12515  2.1948  0.209652
12525  2.35558  0.211921
12535  2.36711  0.212007
12545  1.9094  0.205309
12555  2.08641  0.207891
12565  2.14818  0.208773
12575  2.14563  0.208685
12585  2.07624  0.207625
12595  2.12618  0.208332
12605  2.01613  0.206737
12615  2.59133  0.215022
12625  2.2039  0.209477
12635  2.5066  0.213821
12645  2.41468  0.212441
12655  2.34345  0.211399
12665  2.17625  0.208949
12675  1.37552  0.196989
12685  1.74975  0.202604
12695  1.91505  0.20504
12705  1.68506  0.201603
12715  2.46611  0.213046
12725  2.77755  0.217404
12735  2.59674  0.214851
12745  3.24817  0.223823
12755  3.41132  0.22603
12765  2.81817  0.217911
12775  2.76031  0.217065
12785  2.71756  0.216386
12795  2.74586  0.216726
12805  2.53817  0.213735
12815  2.34785  0.210964
12825  2.52289  0.213477
12835  2.68813  0.215705
12845  3.02187  0.220345
12855  3.27201  0.223741
12865  3.14311  0.222008
12875  3.39628  0.225379
12885  2.70989  0.215876
12895  2.5418  0.213477
12905  2.97186  0.219508
12915  2.59335  0.214165
12925  2.92525  0.218753
12935  2.9259  0.218753
12945  2.90385  0.218417
12955  2.67148  0.215193
12965  2.63919  0.214765
12975  2.621  0.214508
12985  2.61303  0.214423
12995  2.59757  0.214251
13005  2.22417  0.208949
13015  1.99722  0.205578
13025  1.72097  0.20142
13035  2.15383  0.207802
13045  2.00947  0.205578
13055  2.61862  0.214337
13065  2.53074  0.213046
13075  2.27911  0.209389
13085  2.39518  0.211051
13095  2.8495  0.217404
13105  2.57183  0.213477
13115  2.77197  0.216301
13125  3.05321  0.220178
13135  3.01694  0.219592
13145  3.32089  0.223658
13155  2.54019  0.212787
13165  2.49988  0.212181
13175  2.46587  0.21166
13185  2.28684  0.208949
13195  2.09752  0.206203
13205  1.98277  0.204501
13215  2.1376  0.206737
13225  2.13409  0.206648
13235  2.52914  0.212354
13245  2.68878  0.214594
13255  2.85735  0.216896
13265  2.99428  0.218753
13275  3.02122  0.219089
13285  2.68426  0.214337
13295  2.4953  0.211573
13305  2.47586  0.211225
13315  2.13094  0.206203
13325  2.53217  0.212007
13335  2.04009  0.204861
13345  2.39577  0.210003
13355  2.0722  0.205219
13365  2.39458  0.209915
13375  2.50517  0.211399
13385  1.7711  0.200505
13395  1.93592  0.202876
13405  1.46946  0.195678
13415  2.22988  0.207004
13425  2.86674  0.216046
13435  2.49263  0.210702
13445  2.66916  0.213219
13455  2.69526  0.213477
13465  2.71536  0.213735
13475  3.19436  0.220428
13485  3.28153  0.221593
13495  2.7002  0.213477
13505  2.42603  0.209477
13515  2.16299  0.205578
13525  2.08867  0.204411
13535  2.77666  0.214337
13545  2.35016  0.208156
13555  2.29659  0.207359
13565  2.82108  0.214851
13575  2.93375  0.216386
13585  3.64405  0.226112
13595  2.78065  0.214251
13605  3.23342  0.220512
13615  3.7616  0.227571
13625  3.64541  0.225949
13635  3.50759  0.224069
13645  3.51877  0.224151
13655  2.96758  0.216471
13665  2.89516  0.215364
13675  3.23794  0.220094
13685  3.1751  0.219173
13695  3.08383  0.217911
13705  3.31411  0.221095
13715  3.39414  0.222173
13725  3.27481  0.220512
13735  2.85723  0.21468
13745  2.77577  0.213477
13755  3.16219  0.218837
13765  3.09881  0.217911
13775  3.26375  0.220094
13785  3.41721  0.222173
13795  3.24109  0.21976
13805  3.39129  0.221759
13815  3.25685  0.219927
13825  3.41691  0.222091
13835  3.25798  0.219843
13845  3.70606  0.225949
13855  3.51169  0.223247
13865  2.91526  0.214937
13875  2.8303  0.213649
13885  3.12979  0.217826
13895  2.86894  0.214079
13905  3.15143  0.217995
13915  3.22189  0.218921
13925  2.91467  0.214594
13935  3.12426  0.217488
13945  2.90985  0.214423
13955  3.26292  0.219341
13965  3.30353  0.219843
13975  3.15839  0.217742
13985  3.07622  0.216556
13995  2.77809  0.212268
14005  2.76079  0.211921
14015  2.44845  0.20727
14025  2.74569  0.211486
14035  3.14929  0.21715
14045  2.76209  0.211573
14055  2.7813  0.211834
14065  2.54739  0.208421
14075  2.89588  0.213391
14085  2.93007  0.213821
14095  2.76959  0.211486
14105  3.10559  0.216216
14115  3.60338  0.223
14125  2.95106  0.213821
14135  3.10535  0.215876
14145  3.11593  0.215961
14155  3.17236  0.216726
14165  2.62784  0.208861
14175  2.86448  0.212181
14185  2.93411  0.213132
14195  3.29716  0.218248
14205  3.13116  0.215876
14215  3.48077  0.220678
14225  3.16844  0.216301
14235  2.8674  0.211921
14245  3.03275  0.214165
14255  2.81055  0.210877
14265  3.11516  0.215108
14275  2.62813  0.208067
14285  2.99262  0.213219
14295  2.91098  0.212007
14305  3.37333  0.218501
14315  2.64609  0.208156
14325  2.863  0.211225
14335  2.72137  0.209125
14345  2.91568  0.211834
14355  2.96788  0.212527
14365  2.62029  0.207448
14375  2.61036  0.207182
14385  3.00213  0.212787
14395  3.52204  0.220011
14405  3.44278  0.218921
14415  3.35377  0.217658
14425  4.01245  0.22668
14435  4.40833  0.231894
14445  4.0162  0.22668
14455  3.72111  0.222587
14465  4.30261  0.230382
14475  3.54047  0.220094
14485  3.54202  0.220011
14495  2.80247  0.209477
14505  3.30959  0.216641
14515  2.92246  0.211138
14525  2.82244  0.209652
14535  2.81234  0.209477
14545  3.28284  0.216131
14555  3.5633  0.220011
14565  3.54433  0.21976
14575  3.88937  0.224479
14585  3.73859  0.222421
14595  3.83889  0.223741
14605  3.3348  0.216726
14615  3.29853  0.216131
14625  3.39581  0.217488
14635  3.60201  0.220345
14645  3.47477  0.218501
14655  3.29812  0.216046
14665  3.39022  0.217319
14675  3.54612  0.219508
14685  3.41971  0.217658
14695  3.55004  0.219425
14705  4.03071  0.225949
14715  4.04034  0.22603
14725  3.58649  0.219843
14735  3.40532  0.217319
14745  3.4583  0.217995
14755  3.38261  0.216896
14765  3.96625  0.224888
14775  3.69233  0.221095
14785  3.84258  0.223164
14795  3.88985  0.223741
14805  3.23991  0.214765
14815  3.87903  0.223576
14825  3.66628  0.220595
14835  3.49873  0.218248
14845  3.26827  0.215022
14855  3.17515  0.213649
14865  3.74316  0.221593
14875  3.57382  0.219257
14885  3.4838  0.217995
14895  3.55735  0.219005
14905  3.20536  0.214079
14915  3.52043  0.218501
14925  4.27568  0.2287
14935  4.12875  0.226762
14945  3.87843  0.223412
14955  3.37077  0.216386
14965  3.56158  0.219005
14975  3.00558  0.211138
14985  3.31298  0.215535
14995  3.95591  0.224397
15005  3.799  0.222256
15015  3.68454  0.220678
15025  3.39135  0.216641
15035  3.41436  0.21698
15045  3.91774  0.223905
15055  3.95276  0.224397
15065  3.71706  0.221178
15075  3.43594  0.217319
15085  3.12866  0.21296
15095  3.34883  0.216046
15105  3.69738  0.220845
15115  3.3615  0.216131
15125  3.61699  0.219676
15135  3.91084  0.223658
15145  3.80173  0.222173
15155  4.27395  0.228539
15165  4.32211  0.229182
15175  4.50299  0.231576
15185  5.00678  0.238077
15195  5.33113  0.242136
15205  5.94504  0.24969
15215  6.11313  0.251671
15225  5.59952  0.245381
15235  4.99156  0.23769
15245  5.20894  0.240459
15255  4.44264  0.230622
15265  4.90986  0.236682
15275  4.59438  0.232607
15285  3.9279  0.223741
15295  3.53304  0.218332
15305  3.73906  0.221178
15315  3.42851  0.216811
15325  3.55236  0.218501
15335  3.25435  0.214337
15345  3.66141  0.220011
15355  3.55397  0.218501
15365  3.51104  0.217911
15375  3.59737  0.219089
15385  3.63097  0.219592
15395  3.87475  0.222917
15405  3.9065  0.223329
15415  3.70856  0.220595
15425  4.24077  0.227813
15435  4.29976  0.228539
15445  4.02993  0.22497
15455  4.36582  0.229422
15465  4.27205  0.228217
15475  4.12709  0.226274
15485  4.68796  0.233711
15495  4.34619  0.229262
15505  3.89936  0.223329
15515  4.64016  0.233159
15525  4.19909  0.227328
15535  4.44751  0.230622
15545  4.0002  0.224643
15555  3.56051  0.218585
15565  3.9065  0.223329
15575  3.64506  0.219676
15585  3.33016  0.215193
15595  3.01563  0.210702
15605  3.73133  0.220762
15615  3.8531  0.222421
15625  4.02155  0.224725
15635  3.57543  0.218669
15645  3.80209  0.221759
15655  3.94134  0.223658
15665  3.68692  0.220178
15675  3.97297  0.224069
15685  3.40015  0.216131
15695  3.37262  0.215791
15705  3.40098  0.216131
15715  3.70244  0.220261
15725  3.93932  0.223494
15735  3.87457  0.222504
15745  3.60129  0.218753
15755  4.03392  0.224643
15765  4.11466  0.225786
15775  4.33151  0.2287
15785  4.52332  0.231259
15795  4.63183  0.232686
15805  3.99396  0.224233
15815  3.68228  0.219927
15825  3.74007  0.220678
15835  3.83146  0.221925
15845  3.5322  0.217826
15855  3.56461  0.218248
15865  3.7063  0.220178
15875  4.1781  0.226599
15885  4.06264  0.225052
15895  4.24446  0.22749
15905  4.70217  0.233475
15915  4.15527  0.226274
15925  4.55983  0.231576
15935  4.3079  0.228217
15945  3.95906  0.223494
15955  3.89455  0.222587
15965  4.30106  0.228055
15975  4.09236  0.225215
15985  4.12424  0.225623
15995  4.45316  0.229983
16005  3.71766  0.220094
16015  3.96316  0.223412
16025  4.09837  0.225215
16035  4.01186  0.224069
16045  3.98254  0.223658
16055  3.51359  0.21715
16065  3.36477  0.215022
16075  3.67419  0.219341
16085  3.3395  0.214594
16095  3.5771  0.217911
16105  4.12566  0.225379
16115  4.11431  0.225215
16125  4.05455  0.224397
16135  4.03921  0.224151
16145  3.76671  0.220512
16155  3.96851  0.223247
16165  3.63828  0.218669
16175  3.58298  0.217826
16185  4.00591  0.223576
16195  3.3662  0.21468
16205  3.79198  0.220595
16215  3.68335  0.219089
16225  3.92612  0.222421
16235  3.42916  0.215535
16245  4.09254  0.224725
16255  4.27972  0.227248
16265  4.37212  0.228458
16275  4.32901  0.227894
16285  4.01198  0.223658
16295  4.35232  0.228217
16305  4.51898  0.230462
16315  4.01715  0.223741
16325  4.25582  0.227005
16335  4.09891  0.224888
16345  4.82109  0.234418
16355  4.39566  0.22886
16365  4.76139  0.233632
16375  4.1938  0.226112
16385  4.11662  0.225052
16395  4.45839  0.229582
16405  4.15266  0.225542
16415  3.96905  0.223
16425  4.32449  0.227733
16435  4.29226  0.227248
16445  3.8575  0.221344
16455  4.06323  0.224069
16465  4.13072  0.22497
16475  3.91601  0.222008
16485  3.74233  0.219592
16495  3.5702  0.21715
16505  3.49873  0.216131
16515  3.7704  0.219843
16525  3.75529  0.219592
16535  4.00615  0.223
16545  3.92915  0.221925
16555  4.10723  0.224315
16565  3.46644  0.215449
16575  3.69411  0.218585
16585  4.03897  0.223329
16595  3.97517  0.222504
16605  3.7943  0.220011
16615  3.90406  0.22151
16625  3.93914  0.222008
16635  4.014  0.223
16645  4.18435  0.225215
16655  3.77474  0.219592
16665  3.58465  0.216896
16675  3.5699  0.216641
16685  4.2689  0.226193
16695  4.37366  0.227571
16705  4.29851  0.226518
16715  4.13339  0.224315
16725  4.46208  0.2287
16735  3.88176  0.220845
16745  4.05853  0.223329
16755  4.33394  0.227005
16765  4.32104  0.226843
16775  4.15468  0.224561
16785  4.1149  0.223987
16795  4.27205  0.22603
16805  4.61727  0.230542
16815  4.16419  0.224479
16825  4.08119  0.223329
16835  4.03154  0.222669
16845  4.179  0.224643
16855  4.22305  0.225215
16865  4.64164  0.230781
16875  4.44608  0.228217
16885  3.84008  0.219927
16895  3.68109  0.217658
16905  3.62894  0.216896
16915  3.50093  0.215108
16925  3.31881  0.212527
16935  4.11674  0.223658
16945  4.38223  0.227248
16955  4.09605  0.223412
16965  4.02209  0.222421
16975  4.04058  0.222669
16985  4.53688  0.229342
16995  4.15159  0.224233
17005  4.44513  0.228136
17015  4.32907  0.226518
17025  4.13298  0.223905
17035  4.31438  0.226356
17045  3.77884  0.219005
17055  4.07013  0.223
17065  4.16526  0.224315
17075  4.49769  0.22878
17085  4.29411  0.22603
17095  4.77602  0.232369
17105  4.48497  0.228539
17115  4.26706  0.225623
17125  4.40512  0.22749
17135  4.29155  0.225949
17145  4.41392  0.227571
17155  3.80809  0.219257
17165  3.74453  0.218332
17175  3.65879  0.21715
17185  3.94824  0.221178
17195  3.75488  0.218585
17205  4.03326  0.222421
17215  4.50899  0.22878
17225  4.55382  0.229342
17235  4.46487  0.228217
17245  4.00544  0.222008
17255  3.94842  0.221178
17265  4.22252  0.224888
17275  4.48057  0.228297
17285  3.95716  0.221178
17295  3.98207  0.22151
17305  4.4031  0.227167
17315  4.6992  0.23102
17325  4.46541  0.227894
17335  4.12073  0.223247
17345  4.15266  0.223658
17355  4.49223  0.228217
17365  4.59991  0.229582
17375  4.52725  0.228619
17385  4.06852  0.222421
17395  4.19148  0.224069
17405  4.37396  0.226437
17415  3.80904  0.218669
17425  4.11038  0.222835
17435  4.15004  0.223412
17445  4.32627  0.225786
17455  3.9263  0.220345
17465  4.67001  0.230382
17475  3.96602  0.220928
17485  4.11246  0.222917
17495  4.13993  0.223247
17505  3.75066  0.217911
17515  3.63667  0.216301
17525  3.4926  0.214251
17535  3.34872  0.212181
17545  3.85405  0.219257
17555  3.96506  0.220762
17565  4.10313  0.222669
17575  4.06597  0.222173
17585  3.98694  0.221095
17595  4.21473  0.224151
17605  4.3585  0.22603
17615  4.02214  0.221427
17625  4.3346  0.225623
17635  4.10336  0.222421
17645  4.28608  0.224888
17655  3.85976  0.219005
17665  3.88176  0.219257
17675  4.16056  0.223082
17685  4.05033  0.221593
17695  4.14302  0.222835
17705  4.06525  0.221759
17715  3.96792  0.220428
17725  3.69572  0.216641
17735  3.71522  0.216896
17745  3.744  0.217235
17755  3.75482  0.217319
17765  3.52418  0.213993
17775  3.44872  0.212873
17785  3.86505  0.218669
17795  3.81915  0.217995
17805  3.72842  0.216726
17815  3.76178  0.217235
17825  4.03493  0.221011
17835  4.12822  0.222256
17845  4.28216  0.224315
17855  4.77602  0.230861
17865  4.66888  0.229422
17875  4.16877  0.222669
17885  3.96946  0.219927
17895  3.84567  0.218164
17905  3.75666  0.216896
17915  4.23899  0.223494
17925  3.93337  0.219257
17935  3.78526  0.21715
17945  4.1853  0.222587
17955  3.75179  0.216556
17965  3.60807  0.214508
17975  4.15819  0.222091
17985  3.63584  0.214765
17995  3.68376  0.215364
18005  3.26101  0.209213
18015  4.24036  0.222917
18025  3.64815  0.21468
18035  3.70808  0.215449
18045  3.8399  0.217235
18055  4.25885  0.223
18065  4.12899  0.221178
18075  4.12679  0.221095
18085  3.77706  0.216216
18095  3.46228  0.211747
18105  3.68983  0.214937
18115  3.38701  0.210528
18125  3.37732  0.210353
18135  3.39711  0.210528
18145  3.39242  0.21044
18155  3.54838  0.2127
18165  4.01638  0.219257
18175  4.04521  0.219676
18185  3.79145  0.216131
18195  3.92481  0.217995
18205  3.60831  0.213477
18215  4.10134  0.220345
18225  3.4344  0.210964
18235  3.74162  0.215279
18245  4.07625  0.219843
18255  3.62276  0.213477
18265  3.74221  0.215108
18275  3.77896  0.21562
18285  3.80708  0.216046
18295  3.88378  0.21715
18305  3.73526  0.215022
18315  4.17846  0.221178
18325  3.67889  0.214165
18335  4.22597  0.221759
18345  3.97547  0.218248
18355  3.91863  0.217404
18365  3.69411  0.214165
18375  3.73383  0.21468
18385  3.97921  0.21808
18395  3.95739  0.217742
18405  4.03772  0.218837
18415  3.90103  0.21698
18425  4.02571  0.218669
18435  3.94342  0.217488
18445  4.14855  0.220261
18455  3.91827  0.21698
18465  4.3896  0.223412
18475  4.04414  0.218585
18485  4.00668  0.217995
18495  3.93409  0.21698
18505  4.32669  0.222339
18515  3.83735  0.215449
18525  4.32336  0.222173
18535  3.70624  0.213563
18545  4.06775  0.218669
18555  4.37901  0.222917
18565  3.97036  0.217235
18575  4.08588  0.218753
18585  3.99015  0.217404
18595  4.14332  0.219508
18605  3.92838  0.216471
18615  4.1363  0.219341
18625  4.20617  0.220261
18635  4.17382  0.21976
18645  4.20022  0.220094
18655  4.14142  0.219257
18665  3.75291  0.213821
18675  4.48438  0.223987
18685  4.23126  0.220512
18695  4.06163  0.218164
18705  4.24916  0.220762
18715  3.67354  0.2127
18725  4.23548  0.220512
18735  3.52388  0.21044
18745  3.67544  0.212614
18755  3.65772  0.212354
18765  4.0134  0.217319
18775  3.67687  0.212614
18785  3.71117  0.213132
18795  4.07465  0.218248
18805  3.62288  0.211834
18815  4.03493  0.217658
18825  3.31036  0.20727
18835  3.82492  0.214594
18845  3.46632  0.209477
18855  3.49587  0.209915
18865  3.54814  0.210702
18875  3.9024  0.215705
18885  4.0926  0.218332
18895  4.00336  0.217065
18905  3.89395  0.21562
18915  4.06543  0.217995
18925  4.1391  0.219005
18935  3.49124  0.209828
18945  3.86743  0.215193
18955  3.61866  0.21166
18965  3.2141  0.205756
18975  3.25673  0.206292
18985  3.58709  0.211051
18995  3.65748  0.212094
19005  3.46811  0.209389
19015  3.4668  0.209389
19025  3.87968  0.215279
19035  3.85322  0.214937
19045  3.68121  0.212527
19055  3.89467  0.215535
19065  4.02934  0.217404
19075  3.69025  0.212614
19085  3.28539  0.206737
19095  3.08912  0.203781
19105  3.31167  0.207004
19115  3.48517  0.209565
19125  3.79549  0.214079
19135  3.74602  0.213391
19145  4.00984  0.21715
19155  3.50426  0.210003
19165  3.8138  0.214337
19175  3.74608  0.213391
19185  3.59719  0.211225
19195  3.50016  0.209828
19205  3.87332  0.215108
19215  3.51782  0.210003
19225  3.24621  0.206024
19235  3.40508  0.208332
19245  3.72669  0.21296
19255  3.43523  0.208773
19265  3.67318  0.212181
19275  4.03594  0.217319
19285  3.96691  0.216301
19295  3.87183  0.214937
19305  3.48161  0.209301
19315  3.87225  0.214851
19325  3.34842  0.20727
19335  3.64345  0.211573
19345  3.95418  0.215961
19355  3.60468  0.210964
19365  3.63923  0.211486
19375  3.78449  0.213563
19385  3.93022  0.21562
19395  3.86149  0.21468
19405  4.06091  0.217488
19415  3.88509  0.215022
19425  3.42405  0.208421
19435  3.25905  0.206024
19445  3.2125  0.205309
19455  3.3376  0.207093
19465  3.62193  0.211225
19475  3.43243  0.208509
19485  3.57769  0.210615
19495  3.74643  0.213046
19505  3.5828  0.210702
19515  3.50206  0.209565
19525  3.60772  0.211138
19535  3.31244  0.206826
19545  3.14727  0.204411
19555  3.40062  0.208067
19565  3.40871  0.208156
19575  3.28771  0.206381
19585  3.32475  0.206915
19595  3.52792  0.209828
19605  3.58233  0.210615
19615  3.52632  0.209828
19625  4.09748  0.217911
19635  3.71177  0.212527
19645  3.5259  0.209915
19655  3.90346  0.215279
19665  3.82545  0.214165
19675  3.50022  0.209477
19685  3.49629  0.209389
19695  3.60558  0.210964
19705  3.41596  0.208156
19715  3.10196  0.20351
19725  3.89419  0.214937
19735  3.63929  0.211312
19745  3.92196  0.215364
19755  3.99313  0.216301
19765  3.54428  0.209915
19775  3.39717  0.207802
19785  3.88129  0.21468
19795  3.65814  0.211486
19805  3.36322  0.207182
19815  3.183  0.204501
19825  3.25673  0.205578
19835  3.5369  0.209652
19845  3.38534  0.207448
19855  3.46918  0.208597
19865  3.44545  0.208244
19875  3.74661  0.212527
19885  3.79614  0.213219
19895  3.5133  0.209213
19905  3.21975  0.204861
19915  3.92505  0.214937
19925  4.17014  0.218332
19935  3.23747  0.20495
19945  3.11813  0.203148
19955  3.23842  0.204861
19965  3.30971  0.205935
19975  3.51645  0.208949
19985  3.81047  0.213219
19995  3.88741  0.214337
20005  3.59624  0.210178
20015  4.13946  0.217911
20025  3.92915  0.214937
20035  3.69292  0.211573
20045  3.65273  0.210964
20055  3.55944  0.209565
20065  3.35543  0.206559
20075  4.1036  0.217235
20085  3.57216  0.209652
20095  3.93569  0.214851
20105  3.65826  0.210877
20115  3.76041  0.212354
20125  3.7261  0.211834
20135  4.23941  0.219005
20145  3.72384  0.211747
20155  3.56806  0.209477
20165  3.508  0.208509
20175  3.26339  0.20495
20185  3.53333  0.208861
20195  3.03216  0.20142
20205  3.47899  0.207979
20215  3.92214  0.214337
20225  3.27356  0.20495
20235  3.47393  0.207891
20245  3.21244  0.204051
20255  3.5897  0.209565
20265  3.43659  0.20727
20275  3.64458  0.210265
20285  3.74352  0.21166
20295  3.13163  0.202695
20305  3.42262  0.206915
20315  3.48606  0.207802
20325  3.49885  0.207979
20335  3.93724  0.214337
20345  3.39295  0.20647
20355  3.7019  0.210964
20365  3.53803  0.208597
20375  3.3238  0.205399
20385  3.28902  0.204861
20395  3.62882  0.209828
20405  3.44415  0.207093
20415  3.17902  0.203148
20425  3.45354  0.207182
20435  3.34872  0.205578
20445  3.36275  0.205756
20455  3.80013  0.212094
20465  3.62139  0.209565
20475  3.18806  0.203238
20485  3.63804  0.209828
20495  3.21059  0.2036
20505  3.39384  0.206292
20515  3.7629  0.21166
20525  3.27665  0.204591
20535  3.71623  0.210964
20545  3.28836  0.204681
20555  3.1946  0.203238
20565  3.02431  0.200689
20575  3.12111  0.20215
20585  3.35698  0.205667
20595  3.59725  0.209213
20605  3.32023  0.205219
20615  3.32184  0.205219
20625  3.45996  0.20727
20635  3.59452  0.209213
20645  3.13026  0.202331
20655  3.01141  0.200505
20665  3.12675  0.20224
20675  3.03662  0.200872
20685  3.04012  0.200963
20695  3.21606  0.2036
20705  3.47982  0.207448
20715  3.4913  0.207625
20725  3.79269  0.212007
20735  3.65255  0.210003
20745  3.6708  0.210265
20755  3.30412  0.204861
20765  3.40532  0.206381
20775  2.82595  0.197641
20785  3.34955  0.205488
20795  3.2848  0.204501
20805  3.27629  0.204321
20815  2.95177  0.199494
20825  3.76326  0.211486
20835  3.28509  0.204501
20845  3.61842  0.209389
20855  3.4797  0.207448
20865  3.55783  0.208597
20875  3.52418  0.208067
20885  3.41483  0.20647
20895  2.73689  0.196241
20905  2.98346  0.199954
20915  2.89754  0.198662
20925  3.12033  0.202059
20935  3.35936  0.205667
20945  3.35205  0.205578
20955  3.43398  0.206826
20965  3.23467  0.203871
20975  3.01694  0.200597
20985  3.22938  0.203781
20995  3.02187  0.200597
21005  2.83654  0.197734
21015  2.96527  0.199678
21025  3.00493  0.20023
21035  2.71512  0.195771
21045  3.39361  0.206024
21055  3.08139  0.20142
21065  2.90563  0.198755
21075  3.38921  0.206024
21085  3.32154  0.20504
21095  3.52769  0.208067
21105  2.69134  0.19549
21115  3.35632  0.205578
21125  3.14436  0.202422
21135  3.13413  0.20224
21145  2.78296  0.196896
21155  3.02811  0.200597
21165  2.82899  0.197548
21175  3.04429  0.200872
21185  3.10208  0.201694
21195  3.37832  0.205846
21205  3.07871  0.20142
21215  3.16213  0.202695
21225  2.76858  0.196709
21235  3.40145  0.206203
21245  3.06076  0.201146
21255  2.81715  0.197455
21265  3.08621  0.201512
21275  2.77018  0.196709
21285  2.95938  0.199586
21295  2.6908  0.19549
21305  3.53298  0.208156
21315  2.74087  0.196334
21325  3.01141  0.200505
21335  2.89933  0.198847
21345  2.83255  0.197734
21355  2.91728  0.199032
21365  2.99541  0.20023
21375  3.21357  0.20351
21385  2.80134  0.197269
21395  3.17206  0.202876
21405  3.09952  0.201785
21415  2.78439  0.196989
21425  2.89796  0.198755
21435  2.77583  0.196896
21445  2.51362  0.192837
21455  3.06516  0.201329
21465  2.91074  0.199032
21475  2.90367  0.19894
21485  2.90705  0.19894
21495  2.90771  0.19894
21505  2.59686  0.194073
21515  2.89992  0.198755
21525  2.70894  0.195771
21535  2.9086  0.198847
21545  2.86478  0.198199
21555  3.06218  0.201238
21565  2.99083  0.200138
21575  2.57218  0.193694
21585  2.9391  0.199402
21595  3.07966  0.201512
21605  3.05124  0.201055
21615  3.04322  0.200872
21625  2.7857  0.196896
21635  3.07241  0.201238
21645  2.60007  0.193978
21655  3.03876  0.200689
21665  2.66619  0.194924
21675  2.78695  0.196802
21685  3.1069  0.201694
21695  2.85045  0.197827
21705  3.04435  0.20078
21715  2.54804  0.193123
21725  2.86769  0.198106
21735  2.68872  0.195301
21745  2.63604  0.194452
21755  2.73516  0.195959
21765  2.94202  0.199125
21775  2.79652  0.196896
21785  2.20318  0.187617
21795  2.81918  0.197362
21805  2.32644  0.189664
21815  2.61018  0.194168
21825  2.69318  0.195395
21835  2.81989  0.197362
21845  2.80942  0.197176
21855  2.70311  0.19549
21865  2.60554  0.193884
21875  2.83564  0.197455
21885  2.43567  0.191209
21895  2.8715  0.198013
21905  2.87168  0.198013
21915  2.54382  0.192933
21925  2.71649  0.195584
21935  2.83309  0.197362
21945  3.07057  0.200963
21955  2.5861  0.193504
21965  2.86704  0.197827
21975  2.75484  0.196147
21985  2.65525  0.194547
21995  2.32234  0.189276
22005  2.63331  0.194263
22015  2.58402  0.193504
22025  2.55274  0.192933
22035  2.89189  0.198199
22045  2.73433  0.195771
22055  2.34131  0.189567
22065  2.46278  0.191402
22075  2.5792  0.193218
22085  2.90236  0.198199
22095  2.40059  0.190342
22105  2.60667  0.193599
22115  2.4984  0.191881
22125  2.30474  0.188789
22135  2.36693  0.189761
22145  2.74111  0.195678
22155  2.67445  0.194641
22165  2.93952  0.198755
22175  2.52075  0.192264
22185  2.38281  0.190052
22195  2.53776  0.192551
22205  2.27132  0.188302
22215  2.44221  0.191017
22225  2.32382  0.189081
22235  2.28423  0.188399
22245  2.49293  0.19169
22255  2.63527  0.193884
22265  2.57979  0.192933
22275  2.81531  0.196615
22285  2.5116  0.191881
22295  2.65228  0.194073
22305  2.39761  0.190052
22315  2.42841  0.190535
22325  2.64722  0.193978
22335  2.46171  0.191017
22345  2.09479  0.185051
22355  2.5305  0.192073
22365  2.33702  0.188984
22375  2.23137  0.187224
22385  2.50761  0.191594
22395  2.1313  0.185547
22405  2.55239  0.19236
22415  2.60548  0.193218
22425  2.66179  0.194073
22435  2.62528  0.193504
22445  2.52063  0.191881
22455  2.83178  0.196709
22465  2.20907  0.186831
22475  2.36212  0.189276
22485  2.2734  0.187813
22495  2.44893  0.190631
22505  2.14866  0.185844
22515  2.28714  0.188106
22525  2.7681  0.195678
22535  2.7417  0.195301
22545  2.12821  0.185547
22555  2.57278  0.192647
22565  2.53032  0.191977
22575  2.18029  0.186338
22585  1.97373  0.182952
22595  2.43055  0.190342
22605  2.29624  0.188204
22615  2.42306  0.190245
22625  2.17779  0.186338
22635  2.33762  0.188984
22645  2.46956  0.191113
22655  2.46706  0.191113
22665  2.48829  0.191498
22675  2.62813  0.193789
22685  2.09539  0.185249
22695  2.19414  0.186831
22705  2.26347  0.187911
22715  2.22185  0.187224
22725  2.20158  0.186929
22735  2.29106  0.188302
22745  1.99389  0.183454
22755  2.56725  0.192742
22765  2.36652  0.189567
22775  2.53544  0.192264
22785  2.40148  0.190148
22795  2.49394  0.191594
22805  2.45731  0.191017
22815  2.07511  0.184852
22825  2.27923  0.188204
22835  2.12719  0.185745
22845  2.09324  0.18515
22855  1.74815  0.179399
22865  2.05638  0.184553
22875  2.3218  0.188887
22885  2.19022  0.186732
22895  2.43359  0.190631
22905  1.96767  0.183052
22915  2.2457  0.187617
22925  2.21371  0.187126
22935  2.68284  0.194641
22945  1.64956  0.177854
22955  2.30634  0.188692
22965  2.0364  0.184354
22975  2.06667  0.184852
22985  2.01458  0.183954
22995  2.50309  0.191881
23005  1.87586  0.181741
23015  2.28928  0.188497
23025  2.42247  0.190631
23035  2.60643  0.193599
23045  2.4186  0.190631
23055  2.27911  0.188399
23065  1.97005  0.183353
23075  2.50761  0.192073
23085  2.02082  0.184254
23095  2.14224  0.186239
23105  1.97314  0.183454
23115  2.20907  0.187323
23125  2.42556  0.190824
23135  2.29772  0.188789
23145  2.17999  0.186929
23155  2.34904  0.189664
23165  2.52509  0.192456
23175  2.13148  0.186141
23185  2.25402  0.188106
23195  2.36473  0.189858
23205  2.01934  0.184254
23215  2.1964  0.187126
23225  2.04948  0.184752
23235  1.96701  0.183454
23245  2.1819  0.187028
23255  2.21329  0.187617
23265  2.62998  0.194263
23275  2.3507  0.189858
23285  1.82574  0.181336
23295  1.82538  0.181336
23305  2.23476  0.188106
23315  2.07327  0.185448
23325  1.81296  0.181133
23335  2.2668  0.188594
23345  1.8522  0.181843
23355  2.11726  0.186239
23365  2.15645  0.186929
23375  2.23874  0.188302
23385  2.33268  0.189858
23395  2.3161  0.189664
23405  2.21068  0.188008
23415  2.34244  0.190052
23425  2.02219  0.184852
23435  2.14182  0.186831
23445  1.88544  0.18265
23455  2.21668  0.188106
23465  2.34743  0.190245
23475  2.10555  0.186437
23485  2.22536  0.188399
23495  2.15526  0.187323
23505  2.29897  0.189664
23515  1.98313  0.184553
23525  2.02742  0.185348
23535  2.60275  0.194547
23545  2.09479  0.186437
23555  2.02986  0.185348
23565  1.99044  0.184752
23575  2.28583  0.189567
23585  2.30492  0.189955
23595  2.41367  0.19169
23605  1.87943  0.183052
23615  2.0914  0.186535
23625  2.16519  0.187715
23635  2.54228  0.193694
23645  1.81242  0.181944
23655  2.13302  0.187224
23665  1.96202  0.184453
23675  1.80303  0.181843
23685  1.7576  0.181032
23695  2.33714  0.190535
23705  2.3642  0.191017
23715  2.18368  0.188204
23725  2.34678  0.190824
23735  1.9116  0.183854
23745  1.97772  0.185051
23755  1.92248  0.184154
23765  2.12107  0.187421
23775  2.20461  0.188789
23785  2.13451  0.187715
23795  2.20984  0.188984
23805  2.14283  0.187911
23815  2.03646  0.186239
23825  1.96023  0.185051
23835  1.90886  0.184254
23845  2.16715  0.188497
23855  2.33114  0.191209
23865  2.13231  0.188106
23875  2.01416  0.186239
23885  2.25438  0.190148
23895  2.13231  0.188302
23905  1.83727  0.183554
23915  2.55922  0.195207
23925  1.98206  0.186042
23935  2.03967  0.187028
23945  1.95774  0.185745
23955  2.23012  0.190148
23965  2.08528  0.187911
23975  1.87081  0.184453
23985  1.98164  0.186338
23995  2.10454  0.188399
24005  2.31508  0.191785
24015  2.10192  0.188399
24025  2.07945  0.188106
24035  1.91005  0.185448
24045  1.75267  0.182952
24055  2.01838  0.187323
24065  1.92325  0.185844
24075  1.97504  0.186732
24085  2.12369  0.189179
24095  2.04098  0.187911
24105  1.89614  0.185646
24115  2.10002  0.188984
24125  2.23059  0.191113
24135  1.51632  0.179501
24145  2.06738  0.188594
24155  1.85737  0.18515
24165  2.08712  0.188887
24175  1.8186  0.184553
24185  1.85374  0.18515
24195  2.24439  0.191498
24205  1.98443  0.187421
24215  1.90589  0.186141
24225  1.89887  0.186042
24235  2.2743  0.192073
24245  2.00174  0.187715
24255  2.01286  0.187911
24265  0  0.151959
24275  0  0.151876
24285  0  0.151932
24295  0  0.151876
24305  0  0.151824
24315  0  0.151717
24325  0  0.151716
24335  0  0.151621
24345  0  0.151533
24355  0  0.15146
24365  0  0.151378
24375  0  0.151241
24385  0  0.151105
24395  0  0.151025
24405  0  0.150815
24415  0  0.150658
24425  0  0.150533
24435  0  0.150367
24445  0  0.150199
24455  0  0.149938
24465  0  0.149675
24475  0  0.14947
24485  0  0.149221
24495  0  0.14896
24505  0  0.148625
24515  0  0.148394
24525  0  0.148066
24535  0  0.147703
24545  0  0.14741
24555  0  0.147088
24565  0  0.146745
24575  0  0.146407
24585  0  0.146035
24595  0  0.145663
24605  0  0.145333
24615  0  0.144947
24625  0  0.144577
24635  0  0.144245
24645  0  0.143825
24655  0  0.143366
24665  0  0.142929
24675  0  0.142485
24685  0  0.142011
24695  0  0.141579
24705  0  0.141109
24715  0  0.1406
24725  0  0.140014
24735  0  0.139534
24745  0  0.138928
24755  0  0.138322
24765  0  0.137823
24775  0  0.137275
24785  0  0.136722
24795  0  0.136105
24805  0  0.135477
24815  0  0.134892
24825  0  0.134215
24835  0  0.133569
24845  0  0.132884
24855  0  0.132234
24865  0  0.131558
24875  0  0.130853
24885  0  0.130156
24895  0  0.129447
24905  0  0.128669
24915  0  0.127945
24925  0  0.127152
24935  0  0.126397
24945  0  0.125577
24955  0  0.124743
24965  0  0.123992
24975  0  0.123188
24985  0  0.122286
24995  0  0.121409
25005  0  0.120528
25015  0  0.119655
25025  0  0.118781
25035  0  0.117852
25045  0  0.116865
25055  0  0.115866
25065  0  0.114969
25075  0  0.114004
25085  0  0.11307
25095  0  0.112076
25105  0  0.111067
25115  0  0.110061
25125  0  0.109105
25135  0  0.108072
25145  0  0.10692
25155  0  0.105927
25165  0  0.104978
25175  0  0.103955
25185  0  0.102928
25195  0  0.101817
25205  0  0.10074
25215  0  0.0996329
25225  0  0.0985814
25235  0  0.0974982
25245  0  0.0963598
25255  0  0.0952418
25265  0  0.0940934
25275  0  0.0929889
25285  0  0.0919673
25295  0  0.0907814
25305  0  0.0896099
25315  0  0.0885188
25325  0  0.08748
25335  0  0.0863243
25345  0  0.0852588
25355  0  0.084122
25365  0  0.0829847
25375  0  0.0817832
25385  0  0.0806979
25395  0  0.0795662
25405  0  0.0783375
25415  0  0.0773089
25425  0  0.0761646
25435  0  0.075063
25445  0  0.0739278
25455  0  0.0728592
25465  0  0.0718073
25475  0  0.0706913
25485  0  0.0695418
25495  0  0.0683968
25505  0  0.067318
25515  0  0.0663223
25525  0  0.0651235
25535  0  0.064074
25545  0  0.0630815
25555  0  0.0620207
25565  0  0.0610154
25575  0  0.0600113
25585  0  0.0588953
25595  0  0.0578669
25605  0  0.0568547
25615  0  0.055737
25625  0  0.0547612
25635  0  0.0537275
25645  0  0.0526152
25655  0  0.0516608
25665  0  0.0506634
25675  0  0.0496315
25685  0  0.0486111
25695  0  0.047637
25705  0  0.0466735
25715  0  0.0456343
25725  0  0.0446639
25735  0  0.0437668
25745  0  0.0428172
25755  0  0.0420052
25765  0  0.0411071
25775  0  0.0401395
25785  0  0.0391434
25795  0  0.0382583
25805  0  0.0373135
25815  0  0.0364333
25825  0  0.0354704
25835  0  0.0345642
25845  0  0.0337246
25855  0  0.0328251
25865  0  0.0319624
25875  0  0.0310118
25885  0  0.0302287
25895  0  0.0293511
25905  0  0.0284527
25915  0  0.0275709
25925  0  0.0266667
25935  0  0.0258286
25945  0  0.0251209
25955  0  0.0244147
25965  0  0.0237787
25975  0  0.0230002
25985  0  0.0221699
25995  0  0.0214927
26005  0  0.0206367