8.000	0.0001
8.005	0.0001
8.010	0.0001
8.015	0.0001
8.020	0.0001
8.025	0.0001
8.030	0.0001
8.035	0.0001
8.040	0.0001
8.045	0.0001
8.050	0.0001
8.055	0.0001
8.060	0.0001
8.065	0.0001
8.070	0.0001
8.075	0.0001
8.080	0.0001
8.085	0.0001
8.090	0.0001
8.095	0.0001
8.100	0.0001
8.105	0.0001
8.110	0.0002
8.115	0.0002
8.120	0.0002
8.125	0.0002
8.130	0.0002
8.135	0.0002
8.140	0.0002
8.145	0.0002
8.150	0.0002
8.155	0.0002
8.160	0.0002
8.165	0.0002
8.170	0.0002
8.175	0.0002
8.180	0.0002
8.185	0.0002
8.190	0.0002
8.195	0.0002
8.200	0.0002
8.205	0.0002
8.210	0.0002
8.215	0.0002
8.220	0.0002
8.225	0.0002
8.230	0.0002
8.235	0.0002
8.240	0.0002
8.245	0.0002
8.250	0.0002
8.255	0.0002
8.260	0.0002
8.265	0.0002
8.270	0.0002
8.275	0.0002
8.280	0.0002
8.285	0.0002
8.290	0.0002
8.295	0.0002
8.300	0.0002
8.305	0.0002
8.310	0.0002
8.315	0.0002
8.320	0.0002
8.325	0.0002
8.330	0.0002
8.335	0.0002
8.340	0.0002
8.345	0.0002
8.350	0.0002
8.355	0.0002
8.360	0.0002
8.365	0.0002
8.370	0.0002
8.375	0.0002
8.380	0.0002
8.385	0.0002
8.390	0.0002
8.395	0.0002
8.400	0.0002
8.405	0.0002
8.410	0.0002
8.415	0.0002
8.420	0.0002
8.425	0.0002
8.430	0.0002
8.435	0.0002
8.440	0.0002
8.445	0.0002
8.450	0.0002
8.455	0.0002
8.460	0.0002
8.465	0.0002
8.470	0.0002
8.475	0.0002
8.480	0.0002
8.485	0.0002
8.490	0.0002
8.495	0.0002
8.500	0.0002
8.505	0.0002
8.510	0.0002
8.515	0.0002
8.520	0.0002
8.525	0.0002
8.530	0.0002
8.535	0.0002
8.540	0.0002
8.545	0.0002
8.550	0.0002
8.555	0.0002
8.560	0.0002
8.565	0.0002
8.570	0.0002
8.575	0.0002
8.580	0.0002
8.585	0.0002
8.590	0.0002
8.595	0.0002
8.600	0.0002
8.605	0.0002
8.610	0.0002
8.615	0.0002
8.620	0.0002
8.625	0.0002
8.630	0.0002
8.635	0.0002
8.640	0.0002
8.645	0.0002
8.650	0.0002
8.655	0.0002
8.660	0.0002
8.665	0.0002
8.670	0.0002
8.675	0.0002
8.680	0.0002
8.685	0.0002
8.690	0.0002
8.695	0.0002
8.700	0.0002
8.705	0.0002
8.710	0.0002
8.715	0.0002
8.720	0.0002
8.725	0.0002
8.730	0.0002
8.735	0.0002
8.740	0.0002
8.745	0.0002
8.750	0.0002
8.755	0.0002
8.760	0.0002
8.765	0.0002
8.770	0.0002
8.775	0.0002
8.780	0.0002
8.785	0.0002
8.790	0.0002
8.795	0.0002
8.800	0.0002
8.805	0.0002
8.810	0.0002
8.815	0.0002
8.820	0.0002
8.825	0.0002
8.830	0.0002
8.835	0.0002
8.840	0.0002
8.845	0.0002
8.850	0.0002
8.855	0.0002
8.860	0.0002
8.865	0.0002
8.870	0.0002
8.875	0.0002
8.880	0.0002
8.885	0.0002
8.890	0.0002
8.895	0.0002
8.900	0.0002
8.905	0.0002
8.910	0.0002
8.915	0.0002
8.920	0.0002
8.925	0.0002
8.930	0.0003
8.935	0.0003
8.940	0.0003
8.945	0.0003
8.950	0.0003
8.955	0.0003
8.960	0.0003
8.965	0.0003
8.970	0.0003
8.975	0.0003
8.980	0.0003
8.985	0.0003
8.990	0.0003
8.995	0.0003
9.000	0.0003
9.005	0.0003
9.010	0.0003
9.015	0.0003
9.020	0.0003
9.025	0.0003
9.030	0.0003
9.035	0.0003
9.040	0.0003
9.045	0.0003
9.050	0.0003
9.055	0.0003
9.060	0.0003
9.065	0.0003
9.070	0.0003
9.075	0.0003
9.080	0.0003
9.085	0.0003
9.090	0.0003
9.095	0.0003
9.100	0.0003
9.105	0.0003
9.110	0.0003
9.115	0.0003
9.120	0.0003
9.125	0.0003
9.130	0.0003
9.135	0.0003
9.140	0.0003
9.145	0.0004
9.150	0.0004
9.155	0.0004
9.160	0.0004
9.165	0.0004
9.170	0.0004
9.175	0.0004
9.180	0.0004
9.185	0.0004
9.190	0.0004
9.195	0.0004
9.200	0.0004
9.205	0.0004
9.210	0.0004
9.215	0.0004
9.220	0.0004
9.225	0.0004
9.230	0.0005
9.235	0.0005
9.240	0.0005
9.245	0.0005
9.250	0.0005
9.255	0.0005
9.260	0.0005
9.265	0.0005
9.270	0.0005
9.275	0.0005
9.280	0.0006
9.285	0.0006
9.290	0.0006
9.295	0.0006
9.300	0.0006
9.305	0.0006
9.310	0.0007
9.315	0.0007
9.320	0.0007
9.325	0.0007
9.330	0.0008
9.335	0.0008
9.340	0.0008
9.345	0.0009
9.350	0.0009
9.355	0.0010
9.360	0.0010
9.365	0.0011
9.370	0.0011
9.375	0.0012
9.380	0.0013
9.385	0.0014
9.390	0.0015
9.395	0.0016
9.400	0.0017
9.405	0.0018
9.410	0.0020
9.415	0.0022
9.420	0.0024
9.425	0.0027
9.430	0.0031
9.435	0.0035
9.440	0.0040
9.445	0.0046
9.450	0.0054
9.455	0.0064
9.460	0.0078
9.465	0.0097
9.470	0.0123
9.475	0.0162
9.480	0.0222
9.485	0.0316
9.490	0.0472
9.495	0.0718
9.500	0.1015
9.505	0.1114
9.510	0.0884
9.515	0.0594
9.520	0.0392
9.525	0.0268
9.530	0.0192
9.535	0.0143
9.540	0.0110
9.545	0.0088
9.550	0.0072
9.555	0.0060
9.560	0.0050
9.565	0.0043
9.570	0.0038
9.575	0.0033
9.580	0.0030
9.585	0.0026
9.590	0.0024
9.595	0.0022
9.600	0.0020
9.605	0.0018
9.610	0.0017
9.615	0.0016
9.620	0.0015
9.625	0.0014
9.630	0.0013
9.635	0.0013
9.640	0.0012
9.645	0.0011
9.650	0.0011
9.655	0.0011
9.660	0.0010
9.665	0.0010
9.670	0.0010
9.675	0.0009
9.680	0.0009
9.685	0.0009
9.690	0.0009
9.695	0.0008
9.700	0.0008
9.705	0.0008
9.710	0.0008
9.715	0.0008
9.720	0.0008
9.725	0.0008
9.730	0.0007
9.735	0.0007
9.740	0.0007
9.745	0.0007
9.750	0.0007
9.755	0.0007
9.760	0.0007
9.765	0.0007
9.770	0.0007
9.775	0.0007
9.780	0.0007
9.785	0.0007
9.790	0.0007
9.795	0.0007
9.800	0.0007
9.805	0.0007
9.810	0.0007
9.815	0.0007
9.820	0.0007
9.825	0.0008
9.830	0.0008
9.835	0.0008
9.840	0.0008
9.845	0.0008
9.850	0.0008
9.855	0.0008
9.860	0.0008
9.865	0.0009
9.870	0.0009
9.875	0.0009
9.880	0.0009
9.885	0.0009
9.890	0.0010
9.895	0.0010
9.900	0.0010
9.905	0.0011
9.910	0.0011
9.915	0.0011
9.920	0.0012
9.925	0.0012
9.930	0.0013
9.935	0.0014
9.940	0.0014
9.945	0.0015
9.950	0.0016
9.955	0.0017
9.960	0.0018
9.965	0.0020
9.970	0.0022
9.975	0.0023
9.980	0.0026
9.985	0.0028
9.990	0.0032
9.995	0.0035
10.000	0.0040
10.005	0.0046
10.010	0.0054
10.015	0.0063
10.020	0.0076
10.025	0.0094
10.030	0.0118
10.035	0.0154
10.040	0.0207
10.045	0.0291
10.050	0.0429
10.055	0.0651
10.060	0.0953
10.065	0.1138
10.070	0.0977
10.075	0.0674
10.080	0.0443
10.085	0.0300
10.090	0.0213
10.095	0.0157
10.100	0.0121
10.105	0.0096
10.110	0.0078
10.115	0.0065
10.120	0.0055
10.125	0.0047
10.130	0.0041
10.135	0.0036
10.140	0.0032
10.145	0.0029
10.150	0.0026
10.155	0.0024
10.160	0.0022
10.165	0.0021
10.170	0.0019
10.175	0.0018
10.180	0.0017
10.185	0.0016
10.190	0.0015
10.195	0.0015
10.200	0.0014
10.205	0.0013
10.210	0.0013
10.215	0.0012
10.220	0.0012
10.225	0.0012
10.230	0.0011
10.235	0.0011
10.240	0.0011
10.245	0.0010
10.250	0.0010
10.255	0.0010
10.260	0.0010
10.265	0.0010
10.270	0.0010
10.275	0.0009
10.280	0.0009
10.285	0.0009
10.290	0.0009
10.295	0.0009
10.300	0.0009
10.305	0.0009
10.310	0.0009
10.315	0.0009
10.320	0.0009
10.325	0.0009
10.330	0.0009
10.335	0.0009
10.340	0.0009
10.345	0.0009
10.350	0.0009
10.355	0.0009
10.360	0.0009
10.365	0.0009
10.370	0.0009
10.375	0.0009
10.380	0.0009
10.385	0.0009
10.390	0.0009
10.395	0.0009
10.400	0.0009
10.405	0.0009
10.410	0.0009
10.415	0.0009
10.420	0.0009
10.425	0.0009
10.430	0.0009
10.435	0.0009
10.440	0.0009
10.445	0.0009
10.450	0.0009
10.455	0.0009
10.460	0.0009
10.465	0.0009
10.470	0.0009
10.475	0.0009
10.480	0.0010
10.485	0.0010
10.490	0.0010
10.495	0.0010
10.500	0.0010
10.505	0.0010
10.510	0.0010
10.515	0.0010
10.520	0.0010
10.525	0.0010
10.530	0.0011
10.535	0.0011
10.540	0.0011
10.545	0.0011
10.550	0.0011
10.555	0.0011
10.560	0.0011
10.565	0.0011
10.570	0.0012
10.575	0.0012
10.580	0.0012
10.585	0.0012
10.590	0.0012
10.595	0.0012
10.600	0.0013
10.605	0.0013
10.610	0.0013
10.615	0.0013
10.620	0.0013
10.625	0.0014
10.630	0.0014
10.635	0.0014
10.640	0.0014
10.645	0.0015
10.650	0.0015
10.655	0.0015
10.660	0.0015
10.665	0.0016
10.670	0.0016
10.675	0.0016
10.680	0.0017
10.685	0.0017
10.690	0.0017
10.695	0.0018
10.700	0.0018
10.705	0.0019
10.710	0.0019
10.715	0.0019
10.720	0.0020
10.725	0.0020
10.730	0.0021
10.735	0.0021
10.740	0.0022
10.745	0.0022
10.750	0.0023
10.755	0.0024
10.760	0.0024
10.765	0.0025
10.770	0.0026
10.775	0.0026
10.780	0.0027
10.785	0.0028
10.790	0.0029
10.795	0.0030
10.800	0.0031
10.805	0.0032
10.810	0.0033
10.815	0.0034
10.820	0.0035
10.825	0.0036
10.830	0.0038
10.835	0.0039
10.840	0.0041
10.845	0.0042
10.850	0.0044
10.855	0.0046
10.860	0.0048
10.865	0.0050
10.870	0.0052
10.875	0.0055
10.880	0.0057
10.885	0.0060
10.890	0.0063
10.895	0.0067
10.900	0.0070
10.905	0.0074
10.910	0.0078
10.915	0.0083
10.920	0.0088
10.925	0.0094
10.930	0.0100
10.935	0.0107
10.940	0.0115
10.945	0.0123
10.950	0.0133
10.955	0.0144
10.960	0.0156
10.965	0.0170
10.970	0.0186
10.975	0.0204
10.980	0.0225
10.985	0.0250
10.990	0.0279
10.995	0.0313
11.000	0.0354
11.005	0.0404
11.010	0.0465
11.015	0.0541
11.020	0.0638
11.025	0.0762
11.030	0.0926
11.035	0.1147
11.040	0.1455
11.045	0.1899
11.050	0.2567
11.055	0.3612
11.060	0.5315
11.065	0.8088
11.070	1.1998
11.075	1.4862
11.080	1.3252
11.085	0.9270
11.090	0.6079
11.095	0.4076
11.100	0.2855
11.105	0.2087
11.110	0.1582
11.115	0.1236
11.120	0.0990
11.125	0.0810
11.130	0.0675
11.135	0.0571
11.140	0.0489
11.145	0.0423
11.150	0.0370
11.155	0.0326
11.160	0.0290
11.165	0.0259
11.170	0.0233
11.175	0.0211
11.180	0.0192
11.185	0.0176
11.190	0.0161
11.195	0.0149
11.200	0.0138
11.205	0.0128
11.210	0.0119
11.215	0.0111
11.220	0.0103
11.225	0.0097
11.230	0.0091
11.235	0.0086
11.240	0.0081
11.245	0.0077
11.250	0.0073
11.255	0.0069
11.260	0.0066
11.265	0.0063
11.270	0.0060
11.275	0.0057
11.280	0.0055
11.285	0.0052
11.290	0.0050
11.295	0.0048
11.300	0.0046
11.305	0.0045
11.310	0.0043
11.315	0.0042
11.320	0.0040
11.325	0.0039
11.330	0.0038
11.335	0.0036
11.340	0.0035
11.345	0.0034
11.350	0.0033
11.355	0.0032
11.360	0.0031
11.365	0.0031
11.370	0.0030
11.375	0.0029
11.380	0.0028
11.385	0.0028
11.390	0.0027
11.395	0.0027
11.400	0.0026
11.405	0.0025
11.410	0.0025
11.415	0.0025
11.420	0.0024
11.425	0.0024
11.430	0.0023
11.435	0.0023
11.440	0.0023
11.445	0.0022
11.450	0.0022
11.455	0.0022
11.460	0.0021
11.465	0.0021
11.470	0.0021
11.475	0.0021
11.480	0.0020
11.485	0.0020
11.490	0.0020
11.495	0.0020
11.500	0.0020
11.505	0.0019
11.510	0.0019
11.515	0.0019
11.520	0.0019
11.525	0.0019
11.530	0.0019
11.535	0.0019
11.540	0.0019
11.545	0.0019
11.550	0.0019
11.555	0.0019
11.560	0.0019
11.565	0.0019
11.570	0.0019
11.575	0.0019
11.580	0.0019
11.585	0.0019
11.590	0.0019
11.595	0.0019
11.600	0.0019
11.605	0.0019
11.610	0.0019
11.615	0.0020
11.620	0.0020
11.625	0.0020
11.630	0.0020
11.635	0.0020
11.640	0.0021
11.645	0.0021
11.650	0.0021
11.655	0.0022
11.660	0.0022
11.665	0.0022
11.670	0.0023
11.675	0.0023
11.680	0.0024
11.685	0.0024
11.690	0.0025
11.695	0.0026
11.700	0.0026
11.705	0.0027
11.710	0.0028
11.715	0.0029
11.720	0.0030
11.725	0.0031
11.730	0.0032
11.735	0.0034
11.740	0.0035
11.745	0.0037
11.750	0.0039
11.755	0.0041
11.760	0.0043
11.765	0.0046
11.770	0.0048
11.775	0.0052
11.780	0.0055
11.785	0.0059
11.790	0.0064
11.795	0.0069
11.800	0.0075
11.805	0.0083
11.810	0.0091
11.815	0.0101
11.820	0.0113
11.825	0.0127
11.830	0.0145
11.835	0.0167
11.840	0.0194
11.845	0.0229
11.850	0.0275
11.855	0.0336
11.860	0.0421
11.865	0.0541
11.870	0.0720
11.875	0.0995
11.880	0.1438
11.885	0.2166
11.890	0.3276
11.895	0.4416
11.900	0.4429
11.905	0.3298
11.910	0.2181
11.915	0.1448
11.920	0.1001
11.925	0.0724
11.930	0.0544
11.935	0.0423
11.940	0.0338
11.945	0.0276
11.950	0.0230
11.955	0.0195
11.960	0.0168
11.965	0.0146
11.970	0.0128
11.975	0.0114
11.980	0.0102
11.985	0.0092
11.990	0.0084
11.995	0.0077
12.000	0.0071
12.005	0.0065
12.010	0.0061
12.015	0.0057
12.020	0.0053
12.025	0.0050
12.030	0.0048
12.035	0.0045
12.040	0.0043
12.045	0.0042
12.050	0.0040
12.055	0.0039
12.060	0.0037
12.065	0.0036
12.070	0.0035
12.075	0.0034
12.080	0.0034
12.085	0.0033
12.090	0.0033
12.095	0.0033
12.100	0.0032
12.105	0.0032
12.110	0.0033
12.115	0.0033
12.120	0.0033
12.125	0.0034
12.130	0.0034
12.135	0.0035
12.140	0.0037
12.145	0.0038
12.150	0.0040
12.155	0.0042
12.160	0.0045
12.165	0.0048
12.170	0.0053
12.175	0.0058
12.180	0.0064
12.185	0.0073
12.190	0.0084
12.195	0.0098
12.200	0.0118
12.205	0.0146
12.210	0.0186
12.215	0.0246
12.220	0.0341
12.225	0.0495
12.230	0.0746
12.235	0.1100
12.240	0.1355
12.245	0.1205
12.250	0.0845
12.255	0.0559
12.260	0.0379
12.265	0.0269
12.270	0.0200
12.275	0.0155
12.280	0.0124
12.285	0.0101
12.290	0.0085
12.295	0.0073
12.300	0.0064
12.305	0.0056
12.310	0.0050
12.315	0.0045
12.320	0.0041
12.325	0.0038
12.330	0.0035
12.335	0.0033
12.340	0.0031
12.345	0.0029
12.350	0.0028
12.355	0.0026
12.360	0.0025
12.365	0.0024
12.370	0.0023
12.375	0.0023
12.380	0.0022
12.385	0.0021
12.390	0.0021
12.395	0.0020
12.400	0.0020
12.405	0.0019
12.410	0.0019
12.415	0.0019
12.420	0.0018
12.425	0.0018
12.430	0.0018
12.435	0.0018
12.440	0.0018
12.445	0.0017
12.450	0.0017
12.455	0.0017
12.460	0.0017
12.465	0.0017
12.470	0.0017
12.475	0.0017
12.480	0.0017
12.485	0.0017
12.490	0.0017
12.495	0.0017
12.500	0.0017
12.505	0.0017
12.510	0.0018
12.515	0.0018
12.520	0.0018
12.525	0.0018
12.530	0.0018
12.535	0.0019
12.540	0.0019
12.545	0.0019
12.550	0.0019
12.555	0.0020
12.560	0.0020
12.565	0.0021
12.570	0.0021
12.575	0.0022
12.580	0.0022
12.585	0.0023
12.590	0.0024
12.595	0.0025
12.600	0.0026
12.605	0.0027
12.610	0.0028
12.615	0.0030
12.620	0.0032
12.625	0.0034
12.630	0.0036
12.635	0.0039
12.640	0.0043
12.645	0.0047
12.650	0.0052
12.655	0.0059
12.660	0.0067
12.665	0.0077
12.670	0.0091
12.675	0.0109
12.680	0.0134
12.685	0.0171
12.690	0.0226
12.695	0.0312
12.700	0.0452
12.705	0.0679
12.710	0.1002
12.715	0.1246
12.720	0.1121
12.725	0.0792
12.730	0.0525
12.735	0.0358
12.740	0.0256
12.745	0.0192
12.750	0.0150
12.755	0.0121
12.760	0.0101
12.765	0.0086
12.770	0.0076
12.775	0.0067
12.780	0.0061
12.785	0.0056
12.790	0.0052
12.795	0.0049
12.800	0.0047
12.805	0.0045
12.810	0.0044
12.815	0.0043
12.820	0.0042
12.825	0.0042
12.830	0.0042
12.835	0.0042
12.840	0.0042
12.845	0.0043
12.850	0.0044
12.855	0.0046
12.860	0.0047
12.865	0.0050
12.870	0.0052
12.875	0.0055
12.880	0.0059
12.885	0.0064
12.890	0.0069
12.895	0.0076
12.900	0.0084
12.905	0.0095
12.910	0.0108
12.915	0.0126
12.920	0.0149
12.925	0.0181
12.930	0.0225
12.935	0.0289
12.940	0.0386
12.945	0.0539
12.950	0.0790
12.955	0.1193
12.960	0.1726
12.965	0.2017
12.970	0.1696
12.975	0.1165
12.980	0.0772
12.985	0.0530
12.990	0.0381
12.995	0.0287
13.000	0.0225
13.005	0.0182
13.010	0.0152
13.015	0.0130
13.020	0.0113
13.025	0.0100
13.030	0.0090
13.035	0.0083
13.040	0.0076
13.045	0.0072
13.050	0.0068
13.055	0.0064
13.060	0.0062
13.065	0.0060
13.070	0.0059
13.075	0.0058
13.080	0.0057
13.085	0.0056
13.090	0.0056
13.095	0.0056
13.100	0.0057
13.105	0.0057
13.110	0.0058
13.115	0.0059
13.120	0.0061
13.125	0.0062
13.130	0.0064
13.135	0.0066
13.140	0.0069
13.145	0.0071
13.150	0.0075
13.155	0.0078
13.160	0.0082
13.165	0.0087
13.170	0.0092
13.175	0.0098
13.180	0.0105
13.185	0.0112
13.190	0.0121
13.195	0.0131
13.200	0.0142
13.205	0.0156
13.210	0.0171
13.215	0.0190
13.220	0.0212
13.225	0.0238
13.230	0.0270
13.235	0.0310
13.240	0.0359
13.245	0.0422
13.250	0.0503
13.255	0.0610
13.260	0.0754
13.265	0.0957
13.270	0.1249
13.275	0.1688
13.280	0.2383
13.285	0.3540
13.290	0.5515
13.295	0.8260
13.300	0.9587
13.305	0.7831
13.310	0.5286
13.315	0.3468
13.320	0.2353
13.325	0.1669
13.330	0.1235
13.335	0.0946
13.340	0.0747
13.345	0.0604
13.350	0.0498
13.355	0.0419
13.360	0.0357
13.365	0.0308
13.370	0.0269
13.375	0.0238
13.380	0.0212
13.385	0.0191
13.390	0.0173
13.395	0.0158
13.400	0.0146
13.405	0.0136
13.410	0.0128
13.415	0.0122
13.420	0.0119
13.425	0.0118
13.430	0.0122
13.435	0.0132
13.440	0.0154
13.445	0.0187
13.450	0.0214
13.455	0.0199
13.460	0.0157
13.465	0.0122
13.470	0.0098
13.475	0.0083
13.480	0.0073
13.485	0.0066
13.490	0.0061
13.495	0.0057
13.500	0.0053
13.505	0.0050
13.510	0.0048
13.515	0.0046
13.520	0.0044
13.525	0.0043
13.530	0.0041
13.535	0.0040
13.540	0.0039
13.545	0.0038
13.550	0.0037
13.555	0.0036
13.560	0.0036
13.565	0.0035
13.570	0.0035
13.575	0.0034
13.580	0.0034
13.585	0.0034
13.590	0.0033
13.595	0.0033
13.600	0.0033
13.605	0.0034
13.610	0.0034
13.615	0.0034
13.620	0.0035
13.625	0.0035
13.630	0.0036
13.635	0.0038
13.640	0.0039
13.645	0.0041
13.650	0.0044
13.655	0.0047
13.660	0.0052
13.665	0.0057
13.670	0.0065
13.675	0.0076
13.680	0.0092
13.685	0.0116
13.690	0.0152
13.695	0.0210
13.700	0.0307
13.705	0.0454
13.710	0.0606
13.715	0.0608
13.720	0.0458
13.725	0.0309
13.730	0.0211
13.735	0.0152
13.740	0.0115
13.745	0.0091
13.750	0.0075
13.755	0.0063
13.760	0.0055
13.765	0.0049
13.770	0.0044
13.775	0.0040
13.780	0.0037
13.785	0.0035
13.790	0.0033
13.795	0.0031
13.800	0.0030
13.805	0.0029
13.810	0.0028
13.815	0.0027
13.820	0.0026
13.825	0.0025
13.830	0.0025
13.835	0.0024
13.840	0.0024
13.845	0.0024
13.850	0.0023
13.855	0.0023
13.860	0.0023
13.865	0.0023
13.870	0.0022
13.875	0.0022
13.880	0.0022
13.885	0.0022
13.890	0.0022
13.895	0.0022
13.900	0.0022
13.905	0.0022
13.910	0.0022
13.915	0.0022
13.920	0.0022
13.925	0.0022
13.930	0.0022
13.935	0.0023
13.940	0.0023
13.945	0.0023
13.950	0.0024
13.955	0.0024
13.960	0.0025
13.965	0.0026
13.970	0.0027
13.975	0.0029
13.980	0.0031
13.985	0.0034
13.990	0.0038
13.995	0.0044
14.000	0.0054
14.005	0.0070
14.010	0.0097
14.015	0.0134
14.020	0.0162
14.025	0.0147
14.030	0.0109
14.035	0.0078
14.040	0.0059
14.045	0.0048
14.050	0.0040
14.055	0.0036
14.060	0.0032
14.065	0.0030
14.070	0.0028
14.075	0.0027
14.080	0.0026
14.085	0.0026
14.090	0.0025
14.095	0.0025
14.100	0.0024
14.105	0.0024
14.110	0.0024
14.115	0.0024
14.120	0.0024
14.125	0.0024
14.130	0.0023
14.135	0.0023
14.140	0.0023
14.145	0.0023
14.150	0.0023
14.155	0.0024
14.160	0.0024
14.165	0.0024
14.170	0.0024
14.175	0.0024
14.180	0.0024
14.185	0.0024
14.190	0.0024
14.195	0.0024
14.200	0.0024
14.205	0.0025
14.210	0.0025
14.215	0.0025
14.220	0.0025
14.225	0.0025
14.230	0.0025
14.235	0.0025
14.240	0.0026
14.245	0.0026
14.250	0.0026
14.255	0.0026
14.260	0.0026
14.265	0.0027
14.270	0.0027
14.275	0.0027
14.280	0.0027
14.285	0.0027
14.290	0.0028
14.295	0.0028
14.300	0.0028
14.305	0.0028
14.310	0.0029
14.315	0.0029
14.320	0.0029
14.325	0.0030
14.330	0.0030
14.335	0.0030
14.340	0.0030
14.345	0.0031
14.350	0.0031
14.355	0.0031
14.360	0.0032
14.365	0.0032
14.370	0.0032
14.375	0.0033
14.380	0.0033
14.385	0.0034
14.390	0.0034
14.395	0.0034
14.400	0.0035
14.405	0.0035
14.410	0.0036
14.415	0.0036
14.420	0.0037
14.425	0.0037
14.430	0.0038
14.435	0.0038
14.440	0.0039
14.445	0.0039
14.450	0.0040
14.455	0.0040
14.460	0.0041
14.465	0.0042
14.470	0.0042
14.475	0.0043
14.480	0.0044
14.485	0.0044
14.490	0.0045
14.495	0.0046
14.500	0.0047
14.505	0.0047
14.510	0.0048
14.515	0.0049
14.520	0.0050
14.525	0.0051
14.530	0.0052
14.535	0.0053
14.540	0.0054
14.545	0.0055
14.550	0.0056
14.555	0.0057
14.560	0.0058
14.565	0.0059
14.570	0.0061
14.575	0.0062
14.580	0.0063
14.585	0.0065
14.590	0.0066
14.595	0.0068
14.600	0.0070
14.605	0.0071
14.610	0.0073
14.615	0.0075
14.620	0.0077
14.625	0.0079
14.630	0.0081
14.635	0.0083
14.640	0.0086
14.645	0.0088
14.650	0.0091
14.655	0.0094
14.660	0.0097
14.665	0.0100
14.670	0.0103
14.675	0.0106
14.680	0.0110
14.685	0.0114
14.690	0.0118
14.695	0.0122
14.700	0.0127
14.705	0.0132
14.710	0.0137
14.715	0.0142
14.720	0.0148
14.725	0.0155
14.730	0.0162
14.735	0.0169
14.740	0.0177
14.745	0.0186
14.750	0.0195
14.755	0.0205
14.760	0.0216
14.765	0.0228
14.770	0.0241
14.775	0.0255
14.780	0.0271
14.785	0.0288
14.790	0.0307
14.795	0.0328
14.800	0.0352
14.805	0.0378
14.810	0.0408
14.815	0.0441
14.820	0.0478
14.825	0.0521
14.830	0.0570
14.835	0.0627
14.840	0.0692
14.845	0.0769
14.850	0.0860
14.855	0.0968
14.860	0.1098
14.865	0.1257
14.870	0.1453
14.875	0.1698
14.880	0.2012
14.885	0.2420
14.890	0.2965
14.895	0.3711
14.900	0.4767
14.905	0.6318
14.910	0.8696
14.915	1.2499
14.920	1.8743
14.925	2.8524
14.930	3.9767
14.935	4.2320
14.940	3.2778
14.945	2.1847
14.950	1.4408
14.955	0.9865
14.960	0.7061
14.965	0.5260
14.970	0.4053
14.975	0.3211
14.980	0.2603
14.985	0.2152
14.990	0.1808
14.995	0.1541
15.000	0.1330
15.005	0.1159
15.010	0.1020
15.015	0.0906
15.020	0.0810
15.025	0.0729
15.030	0.0660
15.035	0.0601
15.040	0.0550
15.045	0.0506
15.050	0.0467
15.055	0.0434
15.060	0.0404
15.065	0.0377
15.070	0.0354
15.075	0.0333
15.080	0.0314
15.085	0.0298
15.090	0.0283
15.095	0.0269
15.100	0.0257
15.105	0.0247
15.110	0.0237
15.115	0.0229
15.120	0.0222
15.125	0.0216
15.130	0.0211
15.135	0.0207
15.140	0.0204
15.145	0.0202
15.150	0.0202
15.155	0.0203
15.160	0.0207
15.165	0.0214
15.170	0.0224
15.175	0.0240
15.180	0.0264
15.185	0.0300
15.190	0.0357
15.195	0.0448
15.200	0.0599
15.205	0.0845
15.210	0.1185
15.215	0.1409
15.220	0.1239
15.225	0.0892
15.230	0.0623
15.235	0.0455
15.240	0.0352
15.245	0.0287
15.250	0.0244
15.255	0.0214
15.260	0.0193
15.265	0.0178
15.270	0.0166
15.275	0.0157
15.280	0.0151
15.285	0.0146
15.290	0.0142
15.295	0.0139
15.300	0.0138
15.305	0.0137
15.310	0.0136
15.315	0.0137
15.320	0.0138
15.325	0.0140
15.330	0.0142
15.335	0.0146
15.340	0.0150
15.345	0.0156
15.350	0.0162
15.355	0.0170
15.360	0.0180
15.365	0.0192
15.370	0.0207
15.375	0.0225
15.380	0.0248
15.385	0.0277
15.390	0.0314
15.395	0.0363
15.400	0.0430
15.405	0.0521
15.410	0.0652
15.415	0.0847
15.420	0.1150
15.425	0.1639
15.430	0.2440
15.435	0.3642
15.440	0.4785
15.445	0.4644
15.450	0.3409
15.455	0.2271
15.460	0.1536
15.465	0.1088
15.470	0.0809
15.475	0.0628
15.480	0.0506
15.485	0.0420
15.490	0.0357
15.495	0.0311
15.500	0.0276
15.505	0.0248
15.510	0.0227
15.515	0.0210
15.520	0.0196
15.525	0.0185
15.530	0.0175
15.535	0.0168
15.540	0.0162
15.545	0.0157
15.550	0.0153
15.555	0.0150
15.560	0.0147
15.565	0.0145
15.570	0.0144
15.575	0.0143
15.580	0.0143
15.585	0.0143
15.590	0.0144
15.595	0.0145
15.600	0.0146
15.605	0.0148
15.610	0.0150
15.615	0.0152
15.620	0.0155
15.625	0.0159
15.630	0.0163
15.635	0.0167
15.640	0.0172
15.645	0.0178
15.650	0.0184
15.655	0.0192
15.660	0.0200
15.665	0.0209
15.670	0.0219
15.675	0.0231
15.680	0.0244
15.685	0.0259
15.690	0.0276
15.695	0.0296
15.700	0.0319
15.705	0.0345
15.710	0.0377
15.715	0.0414
15.720	0.0459
15.725	0.0513
15.730	0.0580
15.735	0.0663
15.740	0.0769
15.745	0.0905
15.750	0.1085
15.755	0.1329
15.760	0.1671
15.765	0.2167
15.770	0.2917
15.775	0.4102
15.780	0.6046
15.785	0.9199
15.790	1.3372
15.795	1.5613
15.800	1.3085
15.805	0.8958
15.810	0.5913
15.815	0.4032
15.820	0.2881
15.825	0.2152
15.830	0.1669
15.835	0.1337
15.840	0.1100
15.845	0.0926
15.850	0.0795
15.855	0.0694
15.860	0.0615
15.865	0.0553
15.870	0.0503
15.875	0.0462
15.880	0.0428
15.885	0.0401
15.890	0.0378
15.895	0.0359
15.900	0.0343
15.905	0.0331
15.910	0.0320
15.915	0.0311
15.920	0.0304
15.925	0.0299
15.930	0.0295
15.935	0.0292
15.940	0.0290
15.945	0.0289
15.950	0.0289
15.955	0.0290
15.960	0.0292
15.965	0.0294
15.970	0.0298
15.975	0.0302
15.980	0.0307
15.985	0.0313
15.990	0.0319
15.995	0.0327
16.000	0.0335
16.005	0.0344
16.010	0.0354
16.015	0.0366
16.020	0.0378
16.025	0.0392
16.030	0.0407
16.035	0.0423
16.040	0.0441
16.045	0.0460
16.050	0.0482
16.055	0.0505
16.060	0.0531
16.065	0.0560
16.070	0.0591
16.075	0.0626
16.080	0.0665
16.085	0.0707
16.090	0.0755
16.095	0.0809
16.100	0.0869
16.105	0.0936
16.110	0.1013
16.115	0.1100
16.120	0.1200
16.125	0.1315
16.130	0.1449
16.135	0.1605
16.140	0.1788
16.145	0.2006
16.150	0.2267
16.155	0.2585
16.160	0.2975
16.165	0.3461
16.170	0.4078
16.175	0.4874
16.180	0.5927
16.185	0.7355
16.190	0.9349
16.195	1.2237
16.200	1.6591
16.205	2.3446
16.210	3.4637
16.215	5.2770
16.220	7.7524
16.225	9.3240
16.230	8.0452
16.235	5.5519
16.240	3.6410
16.245	2.4522
16.250	1.7259
16.255	1.2670
16.260	0.9641
16.265	0.7559
16.270	0.6075
16.275	0.4984
16.280	0.4161
16.285	0.3525
16.290	0.3025
16.295	0.2625
16.300	0.2299
16.305	0.2032
16.310	0.1809
16.315	0.1621
16.320	0.1462
16.325	0.1326
16.330	0.1208
16.335	0.1106
16.340	0.1017
16.345	0.0938
16.350	0.0869
16.355	0.0808
16.360	0.0753
16.365	0.0704
16.370	0.0660
16.375	0.0620
16.380	0.0584
16.385	0.0552
16.390	0.0522
16.395	0.0495
16.400	0.0470
16.405	0.0447
16.410	0.0427
16.415	0.0407
16.420	0.0390
16.425	0.0373
16.430	0.0358
16.435	0.0344
16.440	0.0331
16.445	0.0318
16.450	0.0307
16.455	0.0296
16.460	0.0286
16.465	0.0277
16.470	0.0268
16.475	0.0260
16.480	0.0252
16.485	0.0245
16.490	0.0238
16.495	0.0232
16.500	0.0226
16.505	0.0220
16.510	0.0215
16.515	0.0210
16.520	0.0205
16.525	0.0201
16.530	0.0196
16.535	0.0192
16.540	0.0188
16.545	0.0185
16.550	0.0181
16.555	0.0178
16.560	0.0175
16.565	0.0172
16.570	0.0169
16.575	0.0167
16.580	0.0164
16.585	0.0162
16.590	0.0160
16.595	0.0158
16.600	0.0156
16.605	0.0154
16.610	0.0152
16.615	0.0150
16.620	0.0149
16.625	0.0147
16.630	0.0146
16.635	0.0144
16.640	0.0143
16.645	0.0142
16.650	0.0141
16.655	0.0140
16.660	0.0139
16.665	0.0138
16.670	0.0137
16.675	0.0136
16.680	0.0136
16.685	0.0135
16.690	0.0134
16.695	0.0134
16.700	0.0133
16.705	0.0133
16.710	0.0132
16.715	0.0132
16.720	0.0132
16.725	0.0131
16.730	0.0131
16.735	0.0131
16.740	0.0131
16.745	0.0131
16.750	0.0131
16.755	0.0131
16.760	0.0131
16.765	0.0131
16.770	0.0131
16.775	0.0131
16.780	0.0131
16.785	0.0132
16.790	0.0132
16.795	0.0132
16.800	0.0133
16.805	0.0133
16.810	0.0134
16.815	0.0134
16.820	0.0135
16.825	0.0135
16.830	0.0136
16.835	0.0136
16.840	0.0137
16.845	0.0138
16.850	0.0139
16.855	0.0139
16.860	0.0140
16.865	0.0141
16.870	0.0142
16.875	0.0143
16.880	0.0144
16.885	0.0145
16.890	0.0146
16.895	0.0147
16.900	0.0148
16.905	0.0150
16.910	0.0151
16.915	0.0152
16.920	0.0154
16.925	0.0155
16.930	0.0157
16.935	0.0158
16.940	0.0160
16.945	0.0161
16.950	0.0163
16.955	0.0165
16.960	0.0167
16.965	0.0168
16.970	0.0170
16.975	0.0172
16.980	0.0174
16.985	0.0177
16.990	0.0179
16.995	0.0181
17.000	0.0183
17.005	0.0186
17.010	0.0188
17.015	0.0191
17.020	0.0193
17.025	0.0196
17.030	0.0199
17.035	0.0202
17.040	0.0205
17.045	0.0208
17.050	0.0211
17.055	0.0215
17.060	0.0218
17.065	0.0222
17.070	0.0225
17.075	0.0229
17.080	0.0233
17.085	0.0237
17.090	0.0241
17.095	0.0245
17.100	0.0250
17.105	0.0255
17.110	0.0259
17.115	0.0264
17.120	0.0270
17.125	0.0275
17.130	0.0280
17.135	0.0286
17.140	0.0292
17.145	0.0298
17.150	0.0305
17.155	0.0311
17.160	0.0318
17.165	0.0326
17.170	0.0333
17.175	0.0341
17.180	0.0349
17.185	0.0358
17.190	0.0366
17.195	0.0375
17.200	0.0385
17.205	0.0395
17.210	0.0406
17.215	0.0417
17.220	0.0429
17.225	0.0441
17.230	0.0454
17.235	0.0468
17.240	0.0482
17.245	0.0497
17.250	0.0513
17.255	0.0531
17.260	0.0549
17.265	0.0568
17.270	0.0590
17.275	0.0613
17.280	0.0639
17.285	0.0670
17.290	0.0706
17.295	0.0752
17.300	0.0812
17.305	0.0880
17.310	0.0923
17.315	0.0924
17.320	0.0920
17.325	0.0930
17.330	0.0953
17.335	0.0985
17.340	0.1024
17.345	0.1070
17.350	0.1120
17.355	0.1177
17.360	0.1239
17.365	0.1307
17.370	0.1382
17.375	0.1464
17.380	0.1556
17.385	0.1657
17.390	0.1770
17.395	0.1895
17.400	0.2036
17.405	0.2196
17.410	0.2376
17.415	0.2582
17.420	0.2819
17.425	0.3093
17.430	0.3414
17.435	0.3792
17.440	0.4243
17.445	0.4788
17.450	0.5457
17.455	0.6289
17.460	0.7348
17.465	0.8723
17.470	1.0558
17.475	1.3085
17.480	1.6696
17.485	2.2078
17.490	3.0472
17.495	4.4049
17.500	6.5729
17.505	9.4135
17.510	10.9594
17.515	9.3504
17.520	6.7279
17.525	4.8805
17.530	3.8796
17.535	3.4734
17.540	3.5227
17.545	4.0313
17.550	5.1507
17.555	7.1920
17.560	10.3734
17.565	13.4199
17.570	12.9672
17.575	9.5290
17.580	6.3673
17.585	4.3168
17.590	3.0625
17.595	2.2768
17.600	1.7634
17.605	1.4138
17.610	1.1669
17.615	0.9874
17.620	0.8537
17.625	0.7524
17.630	0.6746
17.635	0.6146
17.640	0.5683
17.645	0.5330
17.650	0.5067
17.655	0.4880
17.660	0.4762
17.665	0.4706
17.670	0.4710
17.675	0.4775
17.680	0.4902
17.685	0.5099
17.690	0.5373
17.695	0.5740
17.700	0.6217
17.705	0.6834
17.710	0.7630
17.715	0.8664
17.720	1.0021
17.725	1.1834
17.730	1.4310
17.735	1.7769
17.740	2.2637
17.745	2.9394
17.750	3.9188
17.755	5.4866
17.760	8.0989
17.765	12.2570
17.770	17.2488
17.775	18.8065
17.780	14.8547
17.785	9.9659
17.790	6.5769
17.795	4.5014
17.800	3.2225
17.805	2.4029
17.810	1.8544
17.815	1.4723
17.820	1.1968
17.825	0.9922
17.830	0.8363
17.835	0.7149
17.840	0.6186
17.845	0.5410
17.850	0.4774
17.855	0.4248
17.860	0.3807
17.865	0.3433
17.870	0.3114
17.875	0.2839
17.880	0.2601
17.885	0.2393
17.890	0.2210
17.895	0.2048
17.900	0.1904
17.905	0.1776
17.910	0.1661
17.915	0.1557
17.920	0.1463
17.925	0.1378
17.930	0.1301
17.935	0.1230
17.940	0.1166
17.945	0.1106
17.950	0.1052
17.955	0.1001
17.960	0.0954
17.965	0.0911
17.970	0.0871
17.975	0.0833
17.980	0.0798
17.985	0.0766
17.990	0.0735
17.995	0.0707
18.000	0.0680
18.005	0.0655
18.010	0.0631
18.015	0.0608
18.020	0.0587
18.025	0.0567
18.030	0.0548
18.035	0.0530
18.040	0.0513
18.045	0.0497
18.050	0.0482
18.055	0.0467
18.060	0.0453
18.065	0.0440
18.070	0.0427
18.075	0.0415
18.080	0.0404
18.085	0.0393
18.090	0.0382
18.095	0.0372
18.100	0.0362
18.105	0.0353
18.110	0.0344
18.115	0.0336
18.120	0.0328
18.125	0.0320
18.130	0.0312
18.135	0.0305
18.140	0.0298
18.145	0.0291
18.150	0.0285
18.155	0.0278
18.160	0.0272
18.165	0.0266
18.170	0.0261
18.175	0.0255
18.180	0.0250
18.185	0.0245
18.190	0.0240
18.195	0.0235
18.200	0.0231
18.205	0.0226
18.210	0.0222
18.215	0.0218
18.220	0.0214
18.225	0.0210
18.230	0.0206
18.235	0.0202
18.240	0.0199
18.245	0.0195
18.250	0.0192
18.255	0.0188
18.260	0.0185
18.265	0.0182
18.270	0.0179
18.275	0.0176
18.280	0.0173
18.285	0.0170
18.290	0.0168
18.295	0.0165
18.300	0.0162
18.305	0.0160
18.310	0.0158
18.315	0.0155
18.320	0.0153
18.325	0.0151
18.330	0.0148
18.335	0.0146
18.340	0.0144
18.345	0.0142
18.350	0.0140
18.355	0.0138
18.360	0.0136
18.365	0.0134
18.370	0.0133
18.375	0.0131
18.380	0.0129
18.385	0.0127
18.390	0.0126
18.395	0.0124
18.400	0.0123
18.405	0.0121
18.410	0.0120
18.415	0.0118
18.420	0.0117
18.425	0.0115
18.430	0.0114
18.435	0.0112
18.440	0.0111
18.445	0.0110
18.450	0.0109
18.455	0.0107
18.460	0.0106
18.465	0.0105
18.470	0.0104
18.475	0.0103
18.480	0.0102
18.485	0.0101
18.490	0.0099
18.495	0.0098
18.500	0.0097
18.505	0.0096
18.510	0.0095
18.515	0.0095
18.520	0.0094
18.525	0.0093
18.530	0.0092
18.535	0.0091
18.540	0.0090
18.545	0.0089
18.550	0.0088
18.555	0.0088
18.560	0.0087
18.565	0.0086
18.570	0.0085
18.575	0.0085
18.580	0.0084
18.585	0.0083
18.590	0.0082
18.595	0.0082
18.600	0.0081
18.605	0.0080
18.610	0.0080
18.615	0.0079
18.620	0.0079
18.625	0.0078
18.630	0.0077
18.635	0.0077
18.640	0.0076
18.645	0.0076
18.650	0.0075
18.655	0.0075
18.660	0.0074
18.665	0.0074
18.670	0.0073
18.675	0.0073
18.680	0.0073
18.685	0.0072
18.690	0.0072
18.695	0.0071
18.700	0.0071
18.705	0.0071
18.710	0.0070
18.715	0.0070
18.720	0.0070
18.725	0.0069
18.730	0.0069
18.735	0.0069
18.740	0.0069
18.745	0.0068
18.750	0.0068
18.755	0.0068
18.760	0.0068
18.765	0.0068
18.770	0.0068
18.775	0.0068
18.780	0.0068
18.785	0.0068
18.790	0.0068
18.795	0.0068
18.800	0.0068
18.805	0.0068
18.810	0.0069
18.815	0.0069
18.820	0.0070
18.825	0.0070
18.830	0.0071
18.835	0.0072
18.840	0.0073
18.845	0.0074
18.850	0.0075
18.855	0.0077
18.860	0.0079
18.865	0.0081
18.870	0.0084
18.875	0.0088
18.880	0.0093
18.885	0.0099
18.890	0.0107
18.895	0.0117
18.900	0.0130
18.905	0.0149
18.910	0.0175
18.915	0.0214
18.920	0.0274
18.925	0.0370
18.930	0.0528
18.935	0.0773
18.940	0.1044
18.945	0.1085
18.950	0.0841
18.955	0.0577
18.960	0.0400
18.965	0.0292
18.970	0.0225
18.975	0.0182
18.980	0.0153
18.985	0.0133
18.990	0.0118
18.995	0.0108
19.000	0.0099
19.005	0.0093
19.010	0.0088
19.015	0.0084
19.020	0.0081
19.025	0.0078
19.030	0.0076
19.035	0.0074
19.040	0.0072
19.045	0.0071
19.050	0.0070
19.055	0.0069
19.060	0.0068
19.065	0.0068
19.070	0.0067
19.075	0.0067
19.080	0.0067
19.085	0.0067
19.090	0.0066
19.095	0.0066
19.100	0.0066
19.105	0.0066
19.110	0.0066
19.115	0.0066
19.120	0.0067
19.125	0.0067
19.130	0.0068
19.135	0.0068
19.140	0.0069
19.145	0.0070
19.150	0.0070
19.155	0.0071
19.160	0.0072
19.165	0.0073
19.170	0.0074
19.175	0.0075
19.180	0.0076
19.185	0.0078
19.190	0.0079
19.195	0.0081
19.200	0.0083
19.205	0.0085
19.210	0.0087
19.215	0.0090
19.220	0.0093
19.225	0.0096
19.230	0.0100
19.235	0.0104
19.240	0.0110
19.245	0.0116
19.250	0.0123
19.255	0.0132
19.260	0.0143
19.265	0.0158
19.270	0.0178
19.275	0.0207
19.280	0.0249
19.285	0.0315
19.290	0.0419
19.295	0.0562
19.300	0.0666
19.305	0.0619
19.310	0.0498
19.315	0.0409
19.320	0.0364
19.325	0.0350
19.330	0.0357
19.335	0.0383
19.340	0.0427
19.345	0.0492
19.350	0.0587
19.355	0.0725
19.360	0.0931
19.365	0.1249
19.370	0.1759
19.375	0.2599
19.380	0.3910
19.385	0.5390
19.390	0.5672
19.395	0.4380
19.400	0.2944
19.405	0.1974
19.410	0.1383
19.415	0.1019
19.420	0.0786
19.425	0.0632
19.430	0.0527
19.435	0.0453
19.440	0.0402
19.445	0.0368
19.450	0.0349
19.455	0.0344
19.460	0.0358
19.465	0.0398
19.470	0.0475
19.475	0.0587
19.480	0.0652
19.485	0.0577
19.490	0.0449
19.495	0.0352
19.500	0.0291
19.505	0.0254
19.510	0.0231
19.515	0.0215
19.520	0.0205
19.525	0.0199
19.530	0.0195
19.535	0.0193
19.540	0.0193
19.545	0.0194
19.550	0.0197
19.555	0.0201
19.560	0.0206
19.565	0.0213
19.570	0.0222
19.575	0.0233
19.580	0.0248
19.585	0.0268
19.590	0.0296
19.595	0.0338
19.600	0.0401
19.605	0.0500
19.610	0.0630
19.615	0.0712
19.620	0.0657
19.625	0.0550
19.630	0.0475
19.635	0.0437
19.640	0.0422
19.645	0.0422
19.650	0.0432
19.655	0.0450
19.660	0.0474
19.665	0.0504
19.670	0.0541
19.675	0.0585
19.680	0.0637
19.685	0.0699
19.690	0.0773
19.695	0.0861
19.700	0.0967
19.705	0.1097
19.710	0.1256
19.715	0.1456
19.720	0.1711
19.725	0.2040
19.730	0.2478
19.735	0.3074
19.740	0.3911
19.745	0.5130
19.750	0.6982
19.755	0.9919
19.760	1.4730
19.765	2.2429
19.770	3.2249
19.775	3.6735
19.780	3.0084
19.785	2.0398
19.790	1.3428
19.795	0.9140
19.800	0.6512
19.805	0.4840
19.810	0.3731
19.815	0.2965
19.820	0.2418
19.825	0.2015
19.830	0.1713
19.835	0.1480
19.840	0.1299
19.845	0.1157
19.850	0.1043
19.855	0.0953
19.860	0.0881
19.865	0.0824
19.870	0.0780
19.875	0.0747
19.880	0.0724
19.885	0.0711
19.890	0.0707
19.895	0.0712
19.900	0.0728
19.905	0.0754
19.910	0.0794
19.915	0.0851
19.920	0.0927
19.925	0.1031
19.930	0.1170
19.935	0.1359
19.940	0.1621
19.945	0.1991
19.950	0.2532
19.955	0.3350
19.960	0.4640
19.965	0.6748
19.970	1.0181
19.975	1.4979
19.980	1.8345
19.985	1.6196
19.990	1.1315
19.995	0.7460
20.000	0.5047
20.005	0.3573
20.010	0.2643
20.015	0.2030
20.020	0.1608
20.025	0.1308
20.030	0.1087
20.035	0.0920
20.040	0.0791
20.045	0.0689
20.050	0.0607
20.055	0.0540
20.060	0.0485
20.065	0.0439
20.070	0.0400
20.075	0.0367
20.080	0.0338
20.085	0.0313
20.090	0.0292
20.095	0.0273
20.100	0.0256
20.105	0.0241
20.110	0.0228
20.115	0.0216
20.120	0.0205
20.125	0.0195
20.130	0.0187
20.135	0.0179
20.140	0.0172
20.145	0.0165
20.150	0.0159
20.155	0.0153
20.160	0.0148
20.165	0.0144
20.170	0.0139
20.175	0.0135
20.180	0.0132
20.185	0.0128
20.190	0.0125
20.195	0.0122
20.200	0.0120
20.205	0.0117
20.210	0.0115
20.215	0.0113
20.220	0.0111
20.225	0.0109
20.230	0.0107
20.235	0.0106
20.240	0.0105
20.245	0.0103
20.250	0.0102
20.255	0.0101
20.260	0.0100
20.265	0.0100
20.270	0.0099
20.275	0.0099
20.280	0.0098
20.285	0.0098
20.290	0.0098
20.295	0.0097
20.300	0.0097
20.305	0.0097
20.310	0.0098
20.315	0.0098
20.320	0.0098
20.325	0.0099
20.330	0.0100
20.335	0.0100
20.340	0.0101
20.345	0.0102
20.350	0.0103
20.355	0.0105
20.360	0.0106
20.365	0.0108
20.370	0.0110
20.375	0.0112
20.380	0.0114
20.385	0.0117
20.390	0.0120
20.395	0.0123
20.400	0.0126
20.405	0.0130
20.410	0.0134
20.415	0.0139
20.420	0.0144
20.425	0.0150
20.430	0.0156
20.435	0.0163
20.440	0.0171
20.445	0.0181
20.450	0.0191
20.455	0.0202
20.460	0.0215
20.465	0.0231
20.470	0.0248
20.475	0.0268
20.480	0.0292
20.485	0.0319
20.490	0.0352
20.495	0.0392
20.500	0.0440
20.505	0.0499
20.510	0.0572
20.515	0.0666
20.520	0.0787
20.525	0.0948
20.530	0.1167
20.535	0.1474
20.540	0.1922
20.545	0.2601
20.550	0.3679
20.555	0.5443
20.560	0.8266
20.565	1.1859
20.570	1.3482
20.575	1.1035
20.580	0.7495
20.585	0.4951
20.590	0.3387
20.595	0.2428
20.600	0.1819
20.605	0.1415
20.610	0.1136
20.615	0.0938
20.620	0.0792
20.625	0.0683
20.630	0.0599
20.635	0.0534
20.640	0.0484
20.645	0.0444
20.650	0.0413
20.655	0.0389
20.660	0.0370
20.665	0.0357
20.670	0.0347
20.675	0.0342
20.680	0.0340
20.685	0.0342
20.690	0.0348
20.695	0.0358
20.700	0.0372
20.705	0.0391
20.710	0.0417
20.715	0.0450
20.720	0.0493
20.725	0.0548
20.730	0.0620
20.735	0.0714
20.740	0.0840
20.745	0.1013
20.750	0.1257
20.755	0.1612
20.760	0.2149
20.765	0.2999
20.770	0.4388
20.775	0.6635
20.780	0.9649
20.785	1.1415
20.790	0.9713
20.795	0.6693
20.800	0.4423
20.805	0.3016
20.810	0.2155
20.815	0.1610
20.820	0.1250
20.825	0.1002
20.830	0.0825
20.835	0.0695
20.840	0.0597
20.845	0.0521
20.850	0.0462
20.855	0.0415
20.860	0.0377
20.865	0.0346
20.870	0.0320
20.875	0.0299
20.880	0.0281
20.885	0.0266
20.890	0.0254
20.895	0.0244
20.900	0.0235
20.905	0.0228
20.910	0.0222
20.915	0.0217
20.920	0.0213
20.925	0.0211
20.930	0.0209
20.935	0.0207
20.940	0.0207
20.945	0.0207
20.950	0.0208
20.955	0.0210
20.960	0.0212
20.965	0.0215
20.970	0.0219
20.975	0.0224
20.980	0.0229
20.985	0.0235
20.990	0.0243
20.995	0.0252
21.000	0.0262
21.005	0.0274
21.010	0.0287
21.015	0.0303
21.020	0.0322
21.025	0.0345
21.030	0.0372
21.035	0.0405
21.040	0.0446
21.045	0.0499
21.050	0.0568
21.055	0.0662
21.060	0.0792
21.065	0.0983
21.070	0.1276
21.075	0.1745
21.080	0.2503
21.085	0.3594
21.090	0.4490
21.095	0.4177
21.100	0.3099
21.105	0.2200
21.110	0.1643
21.115	0.1318
21.120	0.1130
21.125	0.1024
21.130	0.0969
21.135	0.0950
21.140	0.0957
21.145	0.0985
21.150	0.1033
21.155	0.1100
21.160	0.1188
21.165	0.1298
21.170	0.1435
21.175	0.1605
21.180	0.1817
21.185	0.2082
21.190	0.2418
21.195	0.2850
21.200	0.3417
21.205	0.4177
21.210	0.5223
21.215	0.6712
21.220	0.8909
21.225	1.2293
21.230	1.7728
21.235	2.6656
21.240	4.0449
21.245	5.5353
21.250	5.6935
21.255	4.3069
21.260	2.8558
21.265	1.8893
21.270	1.3001
21.275	0.9353
21.280	0.6999
21.285	0.5415
21.290	0.4306
21.295	0.3504
21.300	0.2906
21.305	0.2451
21.310	0.2096
21.315	0.1815
21.320	0.1589
21.325	0.1405
21.330	0.1253
21.335	0.1126
21.340	0.1020
21.345	0.0930
21.350	0.0854
21.355	0.0789
21.360	0.0734
21.365	0.0686
21.370	0.0646
21.375	0.0613
21.380	0.0585
21.385	0.0562
21.390	0.0545
21.395	0.0533
21.400	0.0527
21.405	0.0527
21.410	0.0534
21.415	0.0549
21.420	0.0575
21.425	0.0616
21.430	0.0677
21.435	0.0768
21.440	0.0903
21.445	0.1110
21.450	0.1437
21.455	0.1970
21.460	0.2851
21.465	0.4192
21.470	0.5532
21.475	0.5475
21.480	0.4090
21.485	0.2760
21.490	0.1890
21.495	0.1359
21.500	0.1028
21.505	0.0812
21.510	0.0666
21.515	0.0563
21.520	0.0489
21.525	0.0433
21.530	0.0390
21.535	0.0358
21.540	0.0332
21.545	0.0312
21.550	0.0297
21.555	0.0286
21.560	0.0277
21.565	0.0272
21.570	0.0269
21.575	0.0268
21.580	0.0270
21.585	0.0275
21.590	0.0283
21.595	0.0294
21.600	0.0310
21.605	0.0330
21.610	0.0356
21.615	0.0390
21.620	0.0434
21.625	0.0492
21.630	0.0568
21.635	0.0673
21.640	0.0818
21.645	0.1025
21.650	0.1333
21.655	0.1808
21.660	0.2574
21.665	0.3832
21.670	0.5775
21.675	0.7863
21.680	0.8061
21.685	0.6100
21.690	0.4062
21.695	0.2707
21.700	0.1880
21.705	0.1368
21.710	0.1037
21.715	0.0813
21.720	0.0656
21.725	0.0542
21.730	0.0457
21.735	0.0392
21.740	0.0341
21.745	0.0300
21.750	0.0267
21.755	0.0240
21.760	0.0217
21.765	0.0198
21.770	0.0182
21.775	0.0168
21.780	0.0156
21.785	0.0145
21.790	0.0136
21.795	0.0128
21.800	0.0120
21.805	0.0114
21.810	0.0108
21.815	0.0103
21.820	0.0098
21.825	0.0093
21.830	0.0089
21.835	0.0086
21.840	0.0082
21.845	0.0079
21.850	0.0076
21.855	0.0074
21.860	0.0071
21.865	0.0069
21.870	0.0067
21.875	0.0065
21.880	0.0063
21.885	0.0061
21.890	0.0059
21.895	0.0058
21.900	0.0056
21.905	0.0055
21.910	0.0054
21.915	0.0052
21.920	0.0051
21.925	0.0050
21.930	0.0049
21.935	0.0048
21.940	0.0047
21.945	0.0046
21.950	0.0045
21.955	0.0044
21.960	0.0043
21.965	0.0042
21.970	0.0042
21.975	0.0041
21.980	0.0040
21.985	0.0039
21.990	0.0039
21.995	0.0038
22.000	0.0037
22.005	0.0037
22.010	0.0036
22.015	0.0036
22.020	0.0035
22.025	0.0035
22.030	0.0034
22.035	0.0034
22.040	0.0033
22.045	0.0033
22.050	0.0032
22.055	0.0032
22.060	0.0031
22.065	0.0031
22.070	0.0031
22.075	0.0030
22.080	0.0030
22.085	0.0029
22.090	0.0029
22.095	0.0029
22.100	0.0028
22.105	0.0028
22.110	0.0028
22.115	0.0028
22.120	0.0027
22.125	0.0027
22.130	0.0027
22.135	0.0026
22.140	0.0026
22.145	0.0026
22.150	0.0026
22.155	0.0025
22.160	0.0025
22.165	0.0025
22.170	0.0025
22.175	0.0024
22.180	0.0024
22.185	0.0024
22.190	0.0024
22.195	0.0024
22.200	0.0023
22.205	0.0023
22.210	0.0023
22.215	0.0023
22.220	0.0023
22.225	0.0023
22.230	0.0022
22.235	0.0022
22.240	0.0022
22.245	0.0022
22.250	0.0022
22.255	0.0022
22.260	0.0022
22.265	0.0021
22.270	0.0021
22.275	0.0021
22.280	0.0021
22.285	0.0021
22.290	0.0021
22.295	0.0021
22.300	0.0021
22.305	0.0021
22.310	0.0021
22.315	0.0021
22.320	0.0020
22.325	0.0020
22.330	0.0020
22.335	0.0020
22.340	0.0020
22.345	0.0020
22.350	0.0020
22.355	0.0020
22.360	0.0020
22.365	0.0020
22.370	0.0020
22.375	0.0020
22.380	0.0020
22.385	0.0020
22.390	0.0021
22.395	0.0021
22.400	0.0021
22.405	0.0021
22.410	0.0021
22.415	0.0021
22.420	0.0022
22.425	0.0022
22.430	0.0022
22.435	0.0023
22.440	0.0023
22.445	0.0024
22.450	0.0024
22.455	0.0025
22.460	0.0026
22.465	0.0027
22.470	0.0028
22.475	0.0030
22.480	0.0032
22.485	0.0034
22.490	0.0037
22.495	0.0041
22.500	0.0046
22.505	0.0053
22.510	0.0063
22.515	0.0076
22.520	0.0097
22.525	0.0129
22.530	0.0180
22.535	0.0265
22.540	0.0388
22.545	0.0495
22.550	0.0465
22.555	0.0338
22.560	0.0228
22.565	0.0158
22.570	0.0115
22.575	0.0088
22.580	0.0071
22.585	0.0059
22.590	0.0051
22.595	0.0045
22.600	0.0040
22.605	0.0037
22.610	0.0034
22.615	0.0032
22.620	0.0031
22.625	0.0030
22.630	0.0029
22.635	0.0028
22.640	0.0027
22.645	0.0027
22.650	0.0026
22.655	0.0026
22.660	0.0026
22.665	0.0026
22.670	0.0026
22.675	0.0026
22.680	0.0026
22.685	0.0026
22.690	0.0026
22.695	0.0027
22.700	0.0027
22.705	0.0027
22.710	0.0028
22.715	0.0028
22.720	0.0029
22.725	0.0030
22.730	0.0030
22.735	0.0031
22.740	0.0032
22.745	0.0033
22.750	0.0035
22.755	0.0036
22.760	0.0038
22.765	0.0039
22.770	0.0041
22.775	0.0043
22.780	0.0046
22.785	0.0048
22.790	0.0052
22.795	0.0055
22.800	0.0059
22.805	0.0064
22.810	0.0069
22.815	0.0075
22.820	0.0082
22.825	0.0091
22.830	0.0101
22.835	0.0113
22.840	0.0128
22.845	0.0146
22.850	0.0170
22.855	0.0199
22.860	0.0237
22.865	0.0288
22.870	0.0357
22.875	0.0454
22.880	0.0596
22.885	0.0813
22.890	0.1157
22.895	0.1721
22.900	0.2620
22.905	0.3740
22.910	0.4187
22.915	0.3377
22.920	0.2278
22.925	0.1500
22.930	0.1022
22.935	0.0729
22.940	0.0542
22.945	0.0417
22.950	0.0330
22.955	0.0268
22.960	0.0222
22.965	0.0187
22.970	0.0160
22.975	0.0139
22.980	0.0121
22.985	0.0107
22.990	0.0096
22.995	0.0086
23.000	0.0078
23.005	0.0071
23.010	0.0065
23.015	0.0060
23.020	0.0055
23.025	0.0051
23.030	0.0048
23.035	0.0045
23.040	0.0042
23.045	0.0040
23.050	0.0037
23.055	0.0036
23.060	0.0034
23.065	0.0032
23.070	0.0031
23.075	0.0029
23.080	0.0028
23.085	0.0027
23.090	0.0026
23.095	0.0025
23.100	0.0024
23.105	0.0023
23.110	0.0022
23.115	0.0022
23.120	0.0021
23.125	0.0020
23.130	0.0020
23.135	0.0019
23.140	0.0019
23.145	0.0018
23.150	0.0018
23.155	0.0017
23.160	0.0017
23.165	0.0017
23.170	0.0016
23.175	0.0016
23.180	0.0016
23.185	0.0015
23.190	0.0015
23.195	0.0015
23.200	0.0015
23.205	0.0014
23.210	0.0014
23.215	0.0014
23.220	0.0014
23.225	0.0013
23.230	0.0013
23.235	0.0013
23.240	0.0013
23.245	0.0013
23.250	0.0012
23.255	0.0012
23.260	0.0012
23.265	0.0012
23.270	0.0012
23.275	0.0012
23.280	0.0012
23.285	0.0011
23.290	0.0011
23.295	0.0011
23.300	0.0011
23.305	0.0011
23.310	0.0011
23.315	0.0011
23.320	0.0011
23.325	0.0011
23.330	0.0011
23.335	0.0010
23.340	0.0010
23.345	0.0010
23.350	0.0010
23.355	0.0010
23.360	0.0010
23.365	0.0010
23.370	0.0010
23.375	0.0010
23.380	0.0010
23.385	0.0010
23.390	0.0010
23.395	0.0010
23.400	0.0010
23.405	0.0009
23.410	0.0009
23.415	0.0009
23.420	0.0009
23.425	0.0009
23.430	0.0009
23.435	0.0009
23.440	0.0009
23.445	0.0009
23.450	0.0009
23.455	0.0009
23.460	0.0009
23.465	0.0009
23.470	0.0009
23.475	0.0009
23.480	0.0009
23.485	0.0009
23.490	0.0009
23.495	0.0009
23.500	0.0009
23.505	0.0009
23.510	0.0009
23.515	0.0009
23.520	0.0009
23.525	0.0008
23.530	0.0008
23.535	0.0008
23.540	0.0008
23.545	0.0008
23.550	0.0008
23.555	0.0008
23.560	0.0008
23.565	0.0008
23.570	0.0008
23.575	0.0008
23.580	0.0008
23.585	0.0008
23.590	0.0008
23.595	0.0008
23.600	0.0008
23.605	0.0008
23.610	0.0008
23.615	0.0008
23.620	0.0008
23.625	0.0008
23.630	0.0008
23.635	0.0008
23.640	0.0008
23.645	0.0008
23.650	0.0008
23.655	0.0008
23.660	0.0008
23.665	0.0008
23.670	0.0008
23.675	0.0008
23.680	0.0008
23.685	0.0008
23.690	0.0008
23.695	0.0008
23.700	0.0008
23.705	0.0008
23.710	0.0008
23.715	0.0008
23.720	0.0008
23.725	0.0008
23.730	0.0008
23.735	0.0008
23.740	0.0008
23.745	0.0008
23.750	0.0008
23.755	0.0008
23.760	0.0008
23.765	0.0008
23.770	0.0008
23.775	0.0008
23.780	0.0008
23.785	0.0008
23.790	0.0008
23.795	0.0008
23.800	0.0008
23.805	0.0009
23.810	0.0009
23.815	0.0009
23.820	0.0009
23.825	0.0009
23.830	0.0009
23.835	0.0009
23.840	0.0009
23.845	0.0009
23.850	0.0009
23.855	0.0009
23.860	0.0009
23.865	0.0009
23.870	0.0009
23.875	0.0009
23.880	0.0009
23.885	0.0009
23.890	0.0009
23.895	0.0010
23.900	0.0010
23.905	0.0010
23.910	0.0010
23.915	0.0010
23.920	0.0010
23.925	0.0010
23.930	0.0010
23.935	0.0010
23.940	0.0011
23.945	0.0011
23.950	0.0011
23.955	0.0011
23.960	0.0011
23.965	0.0011
23.970	0.0012
23.975	0.0012
23.980	0.0012
23.985	0.0012
23.990	0.0012
23.995	0.0013
24.000	0.0013
24.005	0.0013
24.010	0.0013
24.015	0.0014
24.020	0.0014
24.025	0.0015
24.030	0.0015
24.035	0.0015
24.040	0.0016
24.045	0.0016
24.050	0.0017
24.055	0.0018
24.060	0.0018
24.065	0.0019
24.070	0.0020
24.075	0.0021
24.080	0.0022
24.085	0.0023
24.090	0.0024
24.095	0.0025
24.100	0.0027
24.105	0.0028
24.110	0.0030
24.115	0.0032
24.120	0.0035
24.125	0.0038
24.130	0.0041
24.135	0.0045
24.140	0.0050
24.145	0.0055
24.150	0.0062
24.155	0.0070
24.160	0.0080
24.165	0.0093
24.170	0.0110
24.175	0.0131
24.180	0.0161
24.185	0.0201
24.190	0.0259
24.195	0.0346
24.200	0.0482
24.205	0.0701
24.210	0.1061
24.215	0.1582
24.220	0.2014
24.225	0.1861
24.230	0.1326
24.235	0.0874
24.240	0.0587
24.245	0.0412
24.250	0.0303
24.255	0.0232
24.260	0.0183
24.265	0.0149
24.270	0.0123
24.275	0.0105
24.280	0.0090
24.285	0.0079
24.290	0.0070
24.295	0.0063
24.300	0.0058
24.305	0.0053
24.310	0.0049
24.315	0.0046
24.320	0.0043
24.325	0.0041
24.330	0.0039
24.335	0.0038
24.340	0.0037
24.345	0.0036
24.350	0.0036
24.355	0.0035
24.360	0.0035
24.365	0.0035
24.370	0.0036
24.375	0.0037
24.380	0.0038
24.385	0.0039
24.390	0.0041
24.395	0.0043
24.400	0.0046
24.405	0.0050
24.410	0.0054
24.415	0.0060
24.420	0.0068
24.425	0.0079
24.430	0.0094
24.435	0.0114
24.440	0.0144
24.445	0.0190
24.450	0.0262
24.455	0.0381
24.460	0.0570
24.465	0.0811
24.470	0.0920
24.475	0.0755
24.480	0.0518
24.485	0.0348
24.490	0.0244
24.495	0.0180
24.500	0.0139
24.505	0.0112
24.510	0.0094
24.515	0.0081
24.520	0.0072
24.525	0.0065
24.530	0.0060
24.535	0.0057
24.540	0.0054
24.545	0.0052
24.550	0.0051
24.555	0.0050
24.560	0.0050
24.565	0.0050
24.570	0.0051
24.575	0.0052
24.580	0.0053
24.585	0.0055
24.590	0.0057
24.595	0.0059
24.600	0.0062
24.605	0.0066
24.610	0.0070
24.615	0.0075
24.620	0.0081
24.625	0.0087
24.630	0.0095
24.635	0.0105
24.640	0.0116
24.645	0.0129
24.650	0.0146
24.655	0.0166
24.660	0.0191
24.665	0.0223
24.670	0.0265
24.675	0.0319
24.680	0.0394
24.685	0.0498
24.690	0.0648
24.695	0.0876
24.700	0.1235
24.705	0.1821
24.710	0.2767
24.715	0.4034
24.720	0.4770
24.725	0.4051
24.730	0.2786
24.735	0.1837
24.740	0.1250
24.745	0.0892
24.750	0.0667
24.755	0.0519
24.760	0.0419
24.765	0.0349
24.770	0.0301
24.775	0.0267
24.780	0.0244
24.785	0.0230
24.790	0.0225
24.795	0.0230
24.800	0.0245
24.805	0.0275
24.810	0.0326
24.815	0.0413
24.820	0.0560
24.825	0.0806
24.830	0.1174
24.835	0.1509
24.840	0.1438
24.845	0.1050
24.850	0.0704
24.855	0.0481
24.860	0.0344
24.865	0.0258
24.870	0.0202
24.875	0.0163
24.880	0.0135
24.885	0.0114
24.890	0.0099
24.895	0.0087
24.900	0.0077
24.905	0.0069
24.910	0.0062
24.915	0.0057
24.920	0.0052
24.925	0.0049
24.930	0.0045
24.935	0.0042
24.940	0.0040
24.945	0.0037
24.950	0.0035
24.955	0.0034
24.960	0.0032
24.965	0.0031
24.970	0.0029
24.975	0.0028
24.980	0.0027
24.985	0.0026
24.990	0.0025
24.995	0.0024
25.000	0.0024
25.005	0.0023
25.010	0.0022
25.015	0.0022
25.020	0.0021
25.025	0.0021
25.030	0.0020
25.035	0.0020
25.040	0.0020
25.045	0.0019
25.050	0.0019
25.055	0.0019
25.060	0.0018
25.065	0.0018
25.070	0.0018
25.075	0.0018
25.080	0.0018
25.085	0.0018
25.090	0.0017
25.095	0.0017
25.100	0.0017
25.105	0.0017
25.110	0.0017
25.115	0.0017
25.120	0.0017
25.125	0.0017
25.130	0.0017
25.135	0.0017
25.140	0.0017
25.145	0.0017
25.150	0.0017
25.155	0.0017
25.160	0.0018
25.165	0.0018
25.170	0.0018
25.175	0.0018
25.180	0.0018
25.185	0.0019
25.190	0.0019
25.195	0.0019
25.200	0.0019
25.205	0.0020
25.210	0.0020
25.215	0.0021
25.220	0.0021
25.225	0.0021
25.230	0.0022
25.235	0.0023
25.240	0.0023
25.245	0.0024
25.250	0.0024
25.255	0.0025
25.260	0.0026
25.265	0.0027
25.270	0.0028
25.275	0.0029
25.280	0.0030
25.285	0.0031
25.290	0.0033
25.295	0.0034
25.300	0.0036
25.305	0.0038
25.310	0.0040
25.315	0.0042
25.320	0.0045
25.325	0.0047
25.330	0.0050
25.335	0.0054
25.340	0.0057
25.345	0.0062
25.350	0.0067
25.355	0.0072
25.360	0.0079
25.365	0.0086
25.370	0.0094
25.375	0.0104
25.380	0.0116
25.385	0.0130
25.390	0.0147
25.395	0.0167
25.400	0.0192
25.405	0.0223
25.410	0.0262
25.415	0.0313
25.420	0.0381
25.425	0.0473
25.430	0.0601
25.435	0.0787
25.440	0.1068
25.445	0.1511
25.450	0.2235
25.455	0.3405
25.460	0.4981
25.465	0.5918
25.470	0.5043
25.475	0.3463
25.480	0.2272
25.485	0.1534
25.490	0.1082
25.495	0.0796
25.500	0.0607
25.505	0.0477
25.510	0.0384
25.515	0.0315
25.520	0.0264
25.525	0.0224
25.530	0.0192
25.535	0.0167
25.540	0.0147
25.545	0.0130
25.550	0.0116
25.555	0.0104
25.560	0.0094
25.565	0.0085
25.570	0.0078
25.575	0.0071
25.580	0.0066
25.585	0.0061
25.590	0.0056
25.595	0.0053
25.600	0.0049
25.605	0.0046
25.610	0.0043
25.615	0.0041
25.620	0.0038
25.625	0.0036
25.630	0.0034
25.635	0.0033
25.640	0.0031
25.645	0.0030
25.650	0.0028
25.655	0.0027
25.660	0.0026
25.665	0.0025
25.670	0.0024
25.675	0.0023
25.680	0.0022
25.685	0.0022
25.690	0.0021
25.695	0.0020
25.700	0.0020
25.705	0.0019
25.710	0.0018
25.715	0.0018
25.720	0.0018
25.725	0.0017
25.730	0.0017
25.735	0.0016
25.740	0.0016
25.745	0.0016
25.750	0.0015
25.755	0.0015
25.760	0.0015
25.765	0.0015
25.770	0.0015
25.775	0.0014
25.780	0.0014
25.785	0.0014
25.790	0.0014
25.795	0.0014
25.800	0.0014
25.805	0.0014
25.810	0.0014
25.815	0.0014
25.820	0.0015
25.825	0.0015
25.830	0.0015
25.835	0.0016
25.840	0.0016
25.845	0.0017
25.850	0.0018
25.855	0.0019
25.860	0.0021
25.865	0.0023
25.870	0.0026
25.875	0.0030
25.880	0.0035
25.885	0.0043
25.890	0.0055
25.895	0.0073
25.900	0.0104
25.905	0.0153
25.910	0.0220
25.915	0.0262
25.920	0.0227
25.925	0.0160
25.930	0.0109
25.935	0.0077
25.940	0.0058
25.945	0.0046
25.950	0.0038
25.955	0.0033
25.960	0.0030
25.965	0.0028
25.970	0.0026
25.975	0.0026
25.980	0.0026
25.985	0.0027
25.990	0.0029
25.995	0.0031
26.000	0.0035
