      9.400  0.1815E+01
      9.410  0.1812E+01
      9.420  0.1809E+01
      9.430  0.1806E+01
      9.440  0.1803E+01
      9.450  0.1800E+01
      9.460  0.1797E+01
      9.470  0.1794E+01
      9.480  0.1791E+01
      9.490  0.1788E+01
      9.500  0.1785E+01
      9.510  0.1783E+01
      9.520  0.1780E+01
      9.530  0.1777E+01
      9.540  0.1774E+01
      9.550  0.1771E+01
      9.560  0.1768E+01
      9.570  0.1765E+01
      9.580  0.1762E+01
      9.590  0.1759E+01
      9.600  0.1756E+01
      9.610  0.1753E+01
      9.620  0.1750E+01
      9.630  0.1748E+01
      9.640  0.1745E+01
      9.650  0.1742E+01
      9.660  0.1739E+01
      9.670  0.1736E+01
      9.680  0.1733E+01
      9.690  0.1730E+01
      9.700  0.1728E+01
      9.710  0.1725E+01
      9.720  0.1722E+01
      9.730  0.1719E+01
      9.740  0.1716E+01
      9.750  0.1713E+01
      9.760  0.1711E+01
      9.770  0.1708E+01
      9.780  0.1705E+01
      9.790  0.1702E+01
      9.800  0.1699E+01
      9.810  0.1697E+01
      9.820  0.1694E+01
      9.830  0.1691E+01
      9.840  0.1688E+01
      9.850  0.1686E+01
      9.860  0.1683E+01
      9.870  0.1680E+01
      9.880  0.1677E+01
      9.890  0.1675E+01
      9.900  0.1672E+01
      9.910  0.1669E+01
      9.920  0.1666E+01
      9.930  0.1664E+01
      9.940  0.1661E+01
      9.950  0.1658E+01
      9.960  0.1656E+01
      9.970  0.1653E+01
      9.980  0.1650E+01
      9.990  0.1648E+01
     10.000  0.1645E+01
     10.010  0.1642E+01
     10.020  0.1639E+01
     10.030  0.1637E+01
     10.040  0.1634E+01
     10.050  0.1632E+01
     10.060  0.1629E+01
     10.070  0.1626E+01
     10.080  0.1624E+01
     10.090  0.1621E+01
     10.100  0.1618E+01
     10.110  0.1616E+01
     10.120  0.1613E+01
     10.130  0.1610E+01
     10.140  0.1608E+01
     10.150  0.1605E+01
     10.160  0.1603E+01
     10.170  0.1600E+01
     10.180  0.1597E+01
     10.190  0.1595E+01
     10.200  0.1592E+01
     10.210  0.1590E+01
     10.220  0.1587E+01
     10.230  0.1585E+01
     10.240  0.1582E+01
     10.250  0.1580E+01
     10.260  0.1577E+01
     10.270  0.1574E+01
     10.280  0.1572E+01
     10.290  0.1569E+01
     10.300  0.1567E+01
     10.310  0.1564E+01
     10.320  0.1562E+01
     10.330  0.1559E+01
     10.340  0.1557E+01
     10.350  0.1554E+01
     10.360  0.1552E+01
     10.370  0.1549E+01
     10.380  0.1547E+01
     10.390  0.1544E+01
     10.400  0.1542E+01
     10.410  0.1539E+01
     10.420  0.1537E+01
     10.430  0.1534E+01
     10.440  0.1532E+01
     10.450  0.1530E+01
     10.460  0.1527E+01
     10.470  0.1525E+01
     10.480  0.1522E+01
     10.490  0.1520E+01
     10.500  0.1517E+01
     10.510  0.1515E+01
     10.520  0.1512E+01
     10.530  0.1510E+01
     10.540  0.1508E+01
     10.550  0.1505E+01
     10.560  0.1503E+01
     10.570  0.1500E+01
     10.580  0.1498E+01
     10.590  0.1496E+01
     10.600  0.1493E+01
     10.610  0.1491E+01
     10.620  0.1489E+01
     10.630  0.1486E+01
     10.640  0.1484E+01
     10.650  0.1481E+01
     10.660  0.1479E+01
     10.670  0.1477E+01
     10.680  0.1474E+01
     10.690  0.1472E+01
     10.700  0.1470E+01
     10.710  0.1467E+01
     10.720  0.1465E+01
     10.730  0.1463E+01
     10.740  0.1460E+01
     10.750  0.1458E+01
     10.760  0.1456E+01
     10.770  0.1453E+01
     10.780  0.1451E+01
     10.790  0.1449E+01
     10.800  0.1447E+01
     10.810  0.1444E+01
     10.820  0.1442E+01
     10.830  0.1440E+01
     10.840  0.1437E+01
     10.850  0.1435E+01
     10.860  0.1433E+01
     10.870  0.1431E+01
     10.880  0.1428E+01
     10.890  0.1426E+01
     10.900  0.1424E+01
     10.910  0.1422E+01
     10.920  0.1419E+01
     10.930  0.1417E+01
     10.940  0.1415E+01
     10.950  0.1413E+01
     10.960  0.1410E+01
     10.970  0.1408E+01
     10.980  0.1406E+01
     10.990  0.1404E+01
     11.000  0.1402E+01
     11.010  0.1399E+01
     11.020  0.1397E+01
     11.030  0.1395E+01
     11.040  0.1393E+01
     11.050  0.1391E+01
     11.060  0.1388E+01
     11.070  0.1386E+01
     11.080  0.1384E+01
     11.090  0.1382E+01
     11.100  0.1380E+01
     11.110  0.1378E+01
     11.120  0.1375E+01
     11.130  0.1373E+01
     11.140  0.1371E+01
     11.150  0.1369E+01
     11.160  0.1367E+01
     11.170  0.1365E+01
     11.180  0.1363E+01
     11.190  0.1360E+01
     11.200  0.1358E+01
     11.210  0.1356E+01
     11.220  0.1354E+01
     11.230  0.1352E+01
     11.240  0.1350E+01
     11.250  0.1348E+01
     11.260  0.1346E+01
     11.270  0.1344E+01
     11.280  0.1342E+01
     11.290  0.1339E+01
     11.300  0.1337E+01
     11.310  0.1335E+01
     11.320  0.1333E+01
     11.330  0.1331E+01
     11.340  0.1329E+01
     11.350  0.1327E+01
     11.360  0.1325E+01
     11.370  0.1323E+01
     11.380  0.1321E+01
     11.390  0.1319E+01
     11.400  0.1317E+01
     11.410  0.1315E+01
     11.420  0.1313E+01
     11.430  0.1311E+01
     11.440  0.1309E+01
     11.450  0.1307E+01
     11.460  0.1305E+01
     11.470  0.1303E+01
     11.480  0.1301E+01
     11.490  0.1299E+01
     11.500  0.1297E+01
     11.510  0.1295E+01
     11.520  0.1293E+01
     11.530  0.1291E+01
     11.540  0.1289E+01
     11.550  0.1287E+01
     11.560  0.1285E+01
     11.570  0.1283E+01
     11.580  0.1281E+01
     11.590  0.1279E+01
     11.600  0.1277E+01
     11.610  0.1275E+01
     11.620  0.1273E+01
     11.630  0.1271E+01
     11.640  0.1269E+01
     11.650  0.1267E+01
     11.660  0.1265E+01
     11.670  0.1263E+01
     11.680  0.1261E+01
     11.690  0.1259E+01
     11.700  0.1257E+01
     11.710  0.1255E+01
     11.720  0.1253E+01
     11.730  0.1251E+01
     11.740  0.1250E+01
     11.750  0.1248E+01
     11.760  0.1246E+01
     11.770  0.1244E+01
     11.780  0.1242E+01
     11.790  0.1240E+01
     11.800  0.1238E+01
     11.810  0.1236E+01
     11.820  0.1234E+01
     11.830  0.1232E+01
     11.840  0.1231E+01
     11.850  0.1229E+01
     11.860  0.1227E+01
     11.870  0.1225E+01
     11.880  0.1223E+01
     11.890  0.1221E+01
     11.900  0.1219E+01
     11.910  0.1218E+01
     11.920  0.1216E+01
     11.930  0.1214E+01
     11.940  0.1212E+01
     11.950  0.1210E+01
     11.960  0.1208E+01
     11.970  0.1207E+01
     11.980  0.1205E+01
     11.990  0.1203E+01
     12.000  0.1201E+01
     12.010  0.1199E+01
     12.020  0.1197E+01
     12.030  0.1196E+01
     12.040  0.1194E+01
     12.050  0.1192E+01
     12.060  0.1190E+01
     12.070  0.1188E+01
     12.080  0.1187E+01
     12.090  0.1185E+01
     12.100  0.1183E+01
     12.110  0.1181E+01
     12.120  0.1179E+01
     12.130  0.1178E+01
     12.140  0.1176E+01
     12.150  0.1174E+01
     12.160  0.1172E+01
     12.170  0.1171E+01
     12.180  0.1169E+01
     12.190  0.1167E+01
     12.200  0.1165E+01
     12.210  0.1164E+01
     12.220  0.1162E+01
     12.230  0.1160E+01
     12.240  0.1158E+01
     12.250  0.1157E+01
     12.260  0.1155E+01
     12.270  0.1153E+01
     12.280  0.1151E+01
     12.290  0.1150E+01
     12.300  0.1148E+01
     12.310  0.1146E+01
     12.320  0.1144E+01
     12.330  0.1143E+01
     12.340  0.1141E+01
     12.350  0.1139E+01
     12.360  0.1138E+01
     12.370  0.1136E+01
     12.380  0.1134E+01
     12.390  0.1133E+01
     12.400  0.1131E+01
     12.410  0.1129E+01
     12.420  0.1127E+01
     12.430  0.1126E+01
     12.440  0.1124E+01
     12.450  0.1122E+01
     12.460  0.1121E+01
     12.470  0.1119E+01
     12.480  0.1117E+01
     12.490  0.1116E+01
     12.500  0.1114E+01
     12.510  0.1112E+01
     12.520  0.1111E+01
     12.530  0.1109E+01
     12.540  0.1108E+01
     12.550  0.1106E+01
     12.560  0.1104E+01
     12.570  0.1103E+01
     12.580  0.1101E+01
     12.590  0.1099E+01
     12.600  0.1098E+01
     12.610  0.1096E+01
     12.620  0.1094E+01
     12.630  0.1093E+01
     12.640  0.1091E+01
     12.650  0.1090E+01
     12.660  0.1088E+01
     12.670  0.1086E+01
     12.680  0.1085E+01
     12.690  0.1083E+01
     12.700  0.1082E+01
     12.710  0.1080E+01
     12.720  0.1078E+01
     12.730  0.1077E+01
     12.740  0.1075E+01
     12.750  0.1074E+01
     12.760  0.1072E+01
     12.770  0.1070E+01
     12.780  0.1069E+01
     12.790  0.1067E+01
     12.800  0.1066E+01
     12.810  0.1064E+01
     12.820  0.1063E+01
     12.830  0.1061E+01
     12.840  0.1059E+01
     12.850  0.1058E+01
     12.860  0.1056E+01
     12.870  0.1055E+01
     12.880  0.1053E+01
     12.890  0.1052E+01
     12.900  0.1050E+01
     12.910  0.1049E+01
     12.920  0.1047E+01
     12.930  0.1046E+01
     12.940  0.1044E+01
     12.950  0.1042E+01
     12.960  0.1041E+01
     12.970  0.1039E+01
     12.980  0.1038E+01
     12.990  0.1036E+01
     13.000  0.1035E+01
     13.010  0.1033E+01
     13.020  0.1032E+01
     13.030  0.1030E+01
     13.040  0.1029E+01
     13.050  0.1027E+01
     13.060  0.1026E+01
     13.070  0.1024E+01
     13.080  0.1023E+01
     13.090  0.1021E+01
     13.100  0.1020E+01
     13.110  0.1018E+01
     13.120  0.1017E+01
     13.130  0.1015E+01
     13.140  0.1014E+01
     13.150  0.1013E+01
     13.160  0.1011E+01
     13.170  0.1010E+01
     13.180  0.1008E+01
     13.190  0.1007E+01
     13.200  0.1005E+01
     13.210  0.1004E+01
     13.220  0.1002E+01
     13.230  0.1001E+01
     13.240  0.9994E+00
     13.250  0.9979E+00
     13.260  0.9965E+00
     13.270  0.9950E+00
     13.280  0.9936E+00
     13.290  0.9922E+00
     13.300  0.9907E+00
     13.310  0.9893E+00
     13.320  0.9879E+00
     13.330  0.9864E+00
     13.340  0.9850E+00
     13.350  0.9836E+00
     13.360  0.9822E+00
     13.370  0.9808E+00
     13.380  0.9794E+00
     13.390  0.9779E+00
     13.400  0.9765E+00
     13.410  0.9751E+00
     13.420  0.9737E+00
     13.430  0.9723E+00
     13.440  0.9709E+00
     13.450  0.9695E+00
     13.460  0.9681E+00
     13.470  0.9668E+00
     13.480  0.9654E+00
     13.490  0.9640E+00
     13.500  0.9626E+00
     13.510  0.9612E+00
     13.520  0.9598E+00
     13.530  0.9585E+00
     13.540  0.9571E+00
     13.550  0.9557E+00
     13.560  0.9544E+00
     13.570  0.9530E+00
     13.580  0.9516E+00
     13.590  0.9503E+00
     13.600  0.9489E+00
     13.610  0.9476E+00
     13.620  0.9462E+00
     13.630  0.9448E+00
     13.640  0.9435E+00
     13.650  0.9422E+00
     13.660  0.9408E+00
     13.670  0.9395E+00
     13.680  0.9381E+00
     13.690  0.9368E+00
     13.700  0.9355E+00
     13.710  0.9341E+00
     13.720  0.9328E+00
     13.730  0.9315E+00
     13.740  0.9301E+00
     13.750  0.9288E+00
     13.760  0.9275E+00
     13.770  0.9262E+00
     13.780  0.9249E+00
     13.790  0.9236E+00
     13.800  0.9223E+00
     13.810  0.9209E+00
     13.820  0.9196E+00
     13.830  0.9183E+00
     13.840  0.9170E+00
     13.850  0.9157E+00
     13.860  0.9144E+00
     13.870  0.9131E+00
     13.880  0.9119E+00
     13.890  0.9106E+00
     13.900  0.9093E+00
     13.910  0.9080E+00
     13.920  0.9067E+00
     13.930  0.9054E+00
     13.940  0.9042E+00
     13.950  0.9029E+00
     13.960  0.9016E+00
     13.970  0.9003E+00
     13.980  0.8991E+00
     13.990  0.8978E+00
     14.000  0.8965E+00
     14.010  0.8953E+00
     14.020  0.8940E+00
     14.030  0.8928E+00
     14.040  0.8915E+00
     14.050  0.8902E+00
     14.060  0.8890E+00
     14.070  0.8877E+00
     14.080  0.8865E+00
     14.090  0.8853E+00
     14.100  0.8840E+00
     14.110  0.8828E+00
     14.120  0.8815E+00
     14.130  0.8803E+00
     14.140  0.8791E+00
     14.150  0.8778E+00
     14.160  0.8766E+00
     14.170  0.8754E+00
     14.180  0.8741E+00
     14.190  0.8729E+00
     14.200  0.8717E+00
     14.210  0.8705E+00
     14.220  0.8693E+00
     14.230  0.8681E+00
     14.240  0.8668E+00
     14.250  0.8656E+00
     14.260  0.8644E+00
     14.270  0.8632E+00
     14.280  0.8620E+00
     14.290  0.8608E+00
     14.300  0.8596E+00
     14.310  0.8584E+00
     14.320  0.8572E+00
     14.330  0.8560E+00
     14.340  0.8548E+00
     14.350  0.8537E+00
     14.360  0.8525E+00
     14.370  0.8513E+00
     14.380  0.8501E+00
     14.390  0.8489E+00
     14.400  0.8477E+00
     14.410  0.8466E+00
     14.420  0.8454E+00
     14.430  0.8442E+00
     14.440  0.8430E+00
     14.450  0.8419E+00
     14.460  0.8407E+00
     14.470  0.8395E+00
     14.480  0.8384E+00
     14.490  0.8372E+00
     14.500  0.8361E+00
     14.510  0.8349E+00
     14.520  0.8338E+00
     14.530  0.8326E+00
     14.540  0.8315E+00
     14.550  0.8303E+00
     14.560  0.8292E+00
     14.570  0.8280E+00
     14.580  0.8269E+00
     14.590  0.8257E+00
     14.600  0.8246E+00
     14.610  0.8235E+00
     14.620  0.8223E+00
     14.630  0.8212E+00
     14.640  0.8201E+00
     14.650  0.8189E+00
     14.660  0.8178E+00
     14.670  0.8167E+00
     14.680  0.8156E+00
     14.690  0.8144E+00
     14.700  0.8133E+00
     14.710  0.8122E+00
     14.720  0.8111E+00
     14.730  0.8100E+00
     14.740  0.8089E+00
     14.750  0.8078E+00
     14.760  0.8067E+00
     14.770  0.8055E+00
     14.780  0.8044E+00
     14.790  0.8033E+00
     14.800  0.8022E+00
     14.810  0.8011E+00
     14.820  0.8001E+00
     14.830  0.7990E+00
     14.840  0.7979E+00
     14.850  0.7968E+00
     14.860  0.7957E+00
     14.870  0.7946E+00
     14.880  0.7935E+00
     14.890  0.7924E+00
     14.900  0.7914E+00
     14.910  0.7903E+00
     14.920  0.7892E+00
     14.930  0.7881E+00
     14.940  0.7871E+00
     14.950  0.7860E+00
     14.960  0.7849E+00
     14.970  0.7838E+00
     14.980  0.7828E+00
     14.990  0.7817E+00
     15.000  0.7807E+00
     15.010  0.7796E+00
     15.020  0.7785E+00
     15.030  0.7775E+00
     15.040  0.7764E+00
     15.050  0.7754E+00
     15.060  0.7743E+00
     15.070  0.7733E+00
     15.080  0.7722E+00
     15.090  0.7712E+00
     15.100  0.7701E+00
     15.110  0.7691E+00
     15.120  0.7680E+00
     15.130  0.7670E+00
     15.140  0.7660E+00
     15.150  0.7649E+00
     15.160  0.7639E+00
     15.170  0.7629E+00
     15.180  0.7618E+00
     15.190  0.7608E+00
     15.200  0.7598E+00
     15.210  0.7588E+00
     15.220  0.7577E+00
     15.230  0.7567E+00
     15.240  0.7557E+00
     15.250  0.7547E+00
     15.260  0.7537E+00
     15.270  0.7527E+00
     15.280  0.7516E+00
     15.290  0.7506E+00
     15.300  0.7496E+00
     15.310  0.7486E+00
     15.320  0.7476E+00
     15.330  0.7466E+00
     15.340  0.7456E+00
     15.350  0.7446E+00
     15.360  0.7436E+00
     15.370  0.7426E+00
     15.380  0.7416E+00
     15.390  0.7406E+00
     15.400  0.7396E+00
     15.410  0.7386E+00
     15.420  0.7376E+00
     15.430  0.7367E+00
     15.440  0.7357E+00
     15.450  0.7347E+00
     15.460  0.7337E+00
     15.470  0.7327E+00
     15.480  0.7317E+00
     15.490  0.7308E+00
     15.500  0.7298E+00
     15.510  0.7288E+00
     15.520  0.7278E+00
     15.530  0.7269E+00
     15.540  0.7259E+00
     15.550  0.7249E+00
     15.560  0.7240E+00
     15.570  0.7230E+00
     15.580  0.7220E+00
     15.590  0.7211E+00
     15.600  0.7201E+00
     15.610  0.7192E+00
     15.620  0.7182E+00
     15.630  0.7173E+00
     15.640  0.7163E+00
     15.650  0.7154E+00
     15.660  0.7144E+00
     15.670  0.7135E+00
     15.680  0.7125E+00
     15.690  0.7116E+00
     15.700  0.7106E+00
     15.710  0.7097E+00
     15.720  0.7087E+00
     15.730  0.7078E+00
     15.740  0.7069E+00
     15.750  0.7059E+00
     15.760  0.7050E+00
     15.770  0.7041E+00
     15.780  0.7031E+00
     15.790  0.7022E+00
     15.800  0.7013E+00
     15.810  0.7003E+00
     15.820  0.6994E+00
     15.830  0.6985E+00
     15.840  0.6976E+00
     15.850  0.6967E+00
     15.860  0.6957E+00
     15.870  0.6948E+00
     15.880  0.6939E+00
     15.890  0.6930E+00
     15.900  0.6921E+00
     15.910  0.6912E+00
     15.920  0.6903E+00
     15.930  0.6894E+00
     15.940  0.6884E+00
     15.950  0.6875E+00
     15.960  0.6866E+00
     15.970  0.6857E+00
     15.980  0.6848E+00
     15.990  0.6839E+00
     16.000  0.6830E+00
     16.010  0.6821E+00
     16.020  0.6812E+00
     16.030  0.6804E+00
     16.040  0.6795E+00
     16.050  0.6786E+00
     16.060  0.6777E+00
     16.070  0.6768E+00
     16.080  0.6759E+00
     16.090  0.6750E+00
     16.100  0.6741E+00
     16.110  0.6733E+00
     16.120  0.6724E+00
     16.130  0.6715E+00
     16.140  0.6706E+00
     16.150  0.6698E+00
     16.160  0.6689E+00
     16.170  0.6680E+00
     16.180  0.6671E+00
     16.190  0.6663E+00
     16.200  0.6654E+00
     16.210  0.6645E+00
     16.220  0.6637E+00
     16.230  0.6628E+00
     16.240  0.6619E+00
     16.250  0.6611E+00
     16.260  0.6602E+00
     16.270  0.6594E+00
     16.280  0.6585E+00
     16.290  0.6577E+00
     16.300  0.6568E+00
     16.310  0.6559E+00
     16.320  0.6551E+00
     16.330  0.6542E+00
     16.340  0.6534E+00
     16.350  0.6525E+00
     16.360  0.6517E+00
     16.370  0.6509E+00
     16.380  0.6500E+00
     16.390  0.6492E+00
     16.400  0.6483E+00
     16.410  0.6475E+00
     16.420  0.6467E+00
     16.430  0.6458E+00
     16.440  0.6450E+00
     16.450  0.6442E+00
     16.460  0.6433E+00
     16.470  0.6425E+00
     16.480  0.6417E+00
     16.490  0.6408E+00
     16.500  0.6400E+00
     16.510  0.6392E+00
     16.520  0.6384E+00
     16.530  0.6375E+00
     16.540  0.6367E+00
     16.550  0.6359E+00
     16.560  0.6351E+00
     16.570  0.6343E+00
     16.580  0.6334E+00
     16.590  0.6326E+00
     16.600  0.6318E+00
     16.610  0.6310E+00
     16.620  0.6302E+00
     16.630  0.6294E+00
     16.640  0.6286E+00
     16.650  0.6278E+00
     16.660  0.6270E+00
     16.670  0.6262E+00
     16.680  0.6254E+00
     16.690  0.6246E+00
     16.700  0.6238E+00
     16.710  0.6230E+00
     16.720  0.6222E+00
     16.730  0.6214E+00
     16.740  0.6206E+00
     16.750  0.6198E+00
     16.760  0.6190E+00
     16.770  0.6182E+00
     16.780  0.6174E+00
     16.790  0.6166E+00
     16.800  0.6158E+00
     16.810  0.6150E+00
     16.820  0.6143E+00
     16.830  0.6135E+00
     16.840  0.6127E+00
     16.850  0.6119E+00
     16.860  0.6111E+00
     16.870  0.6103E+00
     16.880  0.6096E+00
     16.890  0.6088E+00
     16.900  0.6080E+00
     16.910  0.6072E+00
     16.920  0.6065E+00
     16.930  0.6057E+00
     16.940  0.6049E+00
     16.950  0.6042E+00
     16.960  0.6034E+00
     16.970  0.6026E+00
     16.980  0.6019E+00
     16.990  0.6011E+00
     17.000  0.6003E+00
     17.010  0.5996E+00
     17.020  0.5988E+00
     17.030  0.5981E+00
     17.040  0.5973E+00
     17.050  0.5965E+00
     17.060  0.5958E+00
     17.070  0.5950E+00
     17.080  0.5943E+00
     17.090  0.5935E+00
     17.100  0.5928E+00
     17.110  0.5920E+00
     17.120  0.5913E+00
     17.130  0.5905E+00
     17.140  0.5898E+00
     17.150  0.5890E+00
     17.160  0.5883E+00
     17.170  0.5876E+00
     17.180  0.5868E+00
     17.190  0.5861E+00
     17.200  0.5853E+00
     17.210  0.5846E+00
     17.220  0.5839E+00
     17.230  0.5831E+00
     17.240  0.5824E+00
     17.250  0.5817E+00
     17.260  0.5809E+00
     17.270  0.5802E+00
     17.280  0.5795E+00
     17.290  0.5788E+00
     17.300  0.5780E+00
     17.310  0.5773E+00
     17.320  0.5766E+00
     17.330  0.5759E+00
     17.340  0.5751E+00
     17.350  0.5744E+00
     17.360  0.5737E+00
     17.370  0.5730E+00
     17.380  0.5723E+00
     17.390  0.5715E+00
     17.400  0.5708E+00
     17.410  0.5701E+00
     17.420  0.5694E+00
     17.430  0.5687E+00
     17.440  0.5680E+00
     17.450  0.5673E+00
     17.460  0.5666E+00
     17.470  0.5658E+00
     17.480  0.5651E+00
     17.490  0.5644E+00
     17.500  0.5637E+00
     17.510  0.5630E+00
     17.520  0.5623E+00
     17.530  0.5616E+00
     17.540  0.5609E+00
     17.550  0.5602E+00
     17.560  0.5595E+00
     17.570  0.5588E+00
     17.580  0.5581E+00
     17.590  0.5574E+00
     17.600  0.5567E+00
     17.610  0.5561E+00
     17.620  0.5554E+00
     17.630  0.5547E+00
     17.640  0.5540E+00
     17.650  0.5533E+00
     17.660  0.5526E+00
     17.670  0.5519E+00
     17.680  0.5512E+00
     17.690  0.5506E+00
     17.700  0.5499E+00
     17.710  0.5492E+00
     17.720  0.5485E+00
     17.730  0.5478E+00
     17.740  0.5472E+00
     17.750  0.5465E+00
     17.760  0.5458E+00
     17.770  0.5451E+00
     17.780  0.5445E+00
     17.790  0.5438E+00
     17.800  0.5431E+00
     17.810  0.5424E+00
     17.820  0.5418E+00
     17.830  0.5411E+00
     17.840  0.5404E+00
     17.850  0.5398E+00
     17.860  0.5391E+00
     17.870  0.5384E+00
     17.880  0.5378E+00
     17.890  0.5371E+00
     17.900  0.5364E+00
     17.910  0.5358E+00
     17.920  0.5351E+00
     17.930  0.5345E+00
     17.940  0.5338E+00
     17.950  0.5332E+00
     17.960  0.5325E+00
     17.970  0.5318E+00
     17.980  0.5312E+00
     17.990  0.5305E+00
     18.000  0.5299E+00
     18.010  0.5292E+00
     18.020  0.5286E+00
     18.030  0.5279E+00
     18.040  0.5273E+00
     18.050  0.5266E+00
     18.060  0.5260E+00
     18.070  0.5254E+00
     18.080  0.5247E+00
     18.090  0.5241E+00
     18.100  0.5234E+00
     18.110  0.5228E+00
     18.120  0.5222E+00
     18.130  0.5215E+00
     18.140  0.5209E+00
     18.150  0.5202E+00
     18.160  0.5196E+00
     18.170  0.5190E+00
     18.180  0.5183E+00
     18.190  0.5177E+00
     18.200  0.5171E+00
     18.210  0.5164E+00
     18.220  0.5158E+00
     18.230  0.5152E+00
     18.240  0.5146E+00
     18.250  0.5139E+00
     18.260  0.5133E+00
     18.270  0.5127E+00
     18.280  0.5121E+00
     18.290  0.5114E+00
     18.300  0.5108E+00
     18.310  0.5102E+00
     18.320  0.5096E+00
     18.330  0.5089E+00
     18.340  0.5083E+00
     18.350  0.5077E+00
     18.360  0.5071E+00
     18.370  0.5065E+00
     18.380  0.5059E+00
     18.390  0.5053E+00
     18.400  0.5046E+00
     18.410  0.5040E+00
     18.420  0.5034E+00
     18.430  0.5028E+00
     18.440  0.5022E+00
     18.450  0.5016E+00
     18.460  0.5010E+00
     18.470  0.5004E+00
     18.480  0.4998E+00
     18.490  0.4992E+00
     18.500  0.4986E+00
     18.510  0.4980E+00
     18.520  0.4974E+00
     18.530  0.4968E+00
     18.540  0.4962E+00
     18.550  0.4956E+00
     18.560  0.4950E+00
     18.570  0.4944E+00
     18.580  0.4938E+00
     18.590  0.4932E+00
     18.600  0.4926E+00
     18.610  0.4920E+00
     18.620  0.4914E+00
     18.630  0.4908E+00
     18.640  0.4902E+00
     18.650  0.4896E+00
     18.660  0.4890E+00
     18.670  0.4885E+00
     18.680  0.4879E+00
     18.690  0.4873E+00
     18.700  0.4867E+00
     18.710  0.4861E+00
     18.720  0.4855E+00
     18.730  0.4849E+00
     18.740  0.4844E+00
     18.750  0.4838E+00
     18.760  0.4832E+00
     18.770  0.4826E+00
     18.780  0.4820E+00
     18.790  0.4815E+00
     18.800  0.4809E+00
     18.810  0.4803E+00
     18.820  0.4797E+00
     18.830  0.4792E+00
     18.840  0.4786E+00
     18.850  0.4780E+00
     18.860  0.4775E+00
     18.870  0.4769E+00
     18.880  0.4763E+00
     18.890  0.4757E+00
     18.900  0.4752E+00
     18.910  0.4746E+00
     18.920  0.4740E+00
     18.930  0.4735E+00
     18.940  0.4729E+00
     18.950  0.4724E+00
     18.960  0.4718E+00
     18.970  0.4712E+00
     18.980  0.4707E+00
     18.990  0.4701E+00
     19.000  0.4695E+00
     19.010  0.4690E+00
     19.020  0.4684E+00
     19.030  0.4679E+00
     19.040  0.4673E+00
     19.050  0.4668E+00
     19.060  0.4662E+00
     19.070  0.4657E+00
     19.080  0.4651E+00
     19.090  0.4646E+00
     19.100  0.4640E+00
     19.110  0.4635E+00
     19.120  0.4629E+00
     19.130  0.4624E+00
     19.140  0.4618E+00
     19.150  0.4613E+00
     19.160  0.4607E+00
     19.170  0.4602E+00
     19.180  0.4596E+00
     19.190  0.4591E+00
     19.200  0.4585E+00
     19.210  0.4580E+00
     19.220  0.4575E+00
     19.230  0.4569E+00
     19.240  0.4564E+00
     19.250  0.4558E+00
     19.260  0.4553E+00
     19.270  0.4548E+00
     19.280  0.4542E+00
     19.290  0.4537E+00
     19.300  0.4532E+00
     19.310  0.4526E+00
     19.320  0.4521E+00
     19.330  0.4516E+00
     19.340  0.4510E+00
     19.350  0.4505E+00
     19.360  0.4500E+00
     19.370  0.4494E+00
     19.380  0.4489E+00
     19.390  0.4484E+00
     19.400  0.4478E+00
     19.410  0.4473E+00
     19.420  0.4468E+00
     19.430  0.4463E+00
     19.440  0.4457E+00
     19.450  0.4452E+00
     19.460  0.4447E+00
     19.470  0.4442E+00
     19.480  0.4437E+00
     19.490  0.4431E+00
     19.500  0.4426E+00
     19.510  0.4421E+00
     19.520  0.4416E+00
     19.530  0.4411E+00
     19.540  0.4406E+00
     19.550  0.4400E+00
     19.560  0.4395E+00
     19.570  0.4390E+00
     19.580  0.4385E+00
     19.590  0.4380E+00
     19.600  0.4375E+00
     19.610  0.4370E+00
     19.620  0.4365E+00
     19.630  0.4359E+00
     19.640  0.4354E+00
     19.650  0.4349E+00
     19.660  0.4344E+00
     19.670  0.4339E+00
     19.680  0.4334E+00
     19.690  0.4329E+00
     19.700  0.4324E+00
     19.710  0.4319E+00
     19.720  0.4314E+00
     19.730  0.4309E+00
     19.740  0.4304E+00
     19.750  0.4299E+00
     19.760  0.4294E+00
     19.770  0.4289E+00
     19.780  0.4284E+00
     19.790  0.4279E+00
     19.800  0.4274E+00
     19.810  0.4269E+00
     19.820  0.4264E+00
     19.830  0.4259E+00
     19.840  0.4254E+00
     19.850  0.4249E+00
     19.860  0.4244E+00
     19.870  0.4239E+00
     19.880  0.4234E+00
     19.890  0.4230E+00
     19.900  0.4225E+00
     19.910  0.4220E+00
     19.920  0.4215E+00
     19.930  0.4210E+00
     19.940  0.4205E+00
     19.950  0.4200E+00
     19.960  0.4195E+00
     19.970  0.4191E+00
     19.980  0.4186E+00
     19.990  0.4181E+00
     20.000  0.4176E+00
     20.010  0.4171E+00
     20.020  0.4166E+00
     20.030  0.4162E+00
     20.040  0.4157E+00
     20.050  0.4152E+00
     20.060  0.4147E+00
     20.070  0.4142E+00
     20.080  0.4138E+00
     20.090  0.4133E+00
     20.100  0.4128E+00
     20.110  0.4123E+00
     20.120  0.4119E+00
     20.130  0.4114E+00
     20.140  0.4109E+00
     20.150  0.4105E+00
     20.160  0.4100E+00
     20.170  0.4095E+00
     20.180  0.4090E+00
     20.190  0.4086E+00
     20.200  0.4081E+00
     20.210  0.4076E+00
     20.220  0.4072E+00
     20.230  0.4067E+00
     20.240  0.4062E+00
     20.250  0.4058E+00
     20.260  0.4053E+00
     20.270  0.4048E+00
     20.280  0.4044E+00
     20.290  0.4039E+00
     20.300  0.4034E+00
     20.310  0.4030E+00
     20.320  0.4025E+00
     20.330  0.4021E+00
     20.340  0.4016E+00
     20.350  0.4011E+00
     20.360  0.4007E+00
     20.370  0.4002E+00
     20.380  0.3998E+00
     20.390  0.3993E+00
     20.400  0.3989E+00
     20.410  0.3984E+00
     20.420  0.3980E+00
     20.430  0.3975E+00
     20.440  0.3970E+00
     20.450  0.3966E+00
     20.460  0.3961E+00
     20.470  0.3957E+00
     20.480  0.3952E+00
     20.490  0.3948E+00
     20.500  0.3943E+00
     20.510  0.3939E+00
     20.520  0.3934E+00
     20.530  0.3930E+00
     20.540  0.3926E+00
     20.550  0.3921E+00
     20.560  0.3917E+00
     20.570  0.3912E+00
     20.580  0.3908E+00
     20.590  0.3903E+00
     20.600  0.3899E+00
     20.610  0.3894E+00
     20.620  0.3890E+00
     20.630  0.3886E+00
     20.640  0.3881E+00
     20.650  0.3877E+00
     20.660  0.3872E+00
     20.670  0.3868E+00
     20.680  0.3864E+00
     20.690  0.3859E+00
     20.700  0.3855E+00
     20.710  0.3851E+00
     20.720  0.3846E+00
     20.730  0.3842E+00
     20.740  0.3838E+00
     20.750  0.3833E+00
     20.760  0.3829E+00
     20.770  0.3825E+00
     20.780  0.3820E+00
     20.790  0.3816E+00
     20.800  0.3812E+00
     20.810  0.3807E+00
     20.820  0.3803E+00
     20.830  0.3799E+00
     20.840  0.3794E+00
     20.850  0.3790E+00
     20.860  0.3786E+00
     20.870  0.3782E+00
     20.880  0.3777E+00
     20.890  0.3773E+00
     20.900  0.3769E+00
     20.910  0.3765E+00
     20.920  0.3760E+00
     20.930  0.3756E+00
     20.940  0.3752E+00
     20.950  0.3748E+00
     20.960  0.3744E+00
     20.970  0.3739E+00
     20.980  0.3735E+00
     20.990  0.3731E+00
     21.000  0.3727E+00
     21.010  0.3723E+00
     21.020  0.3718E+00
     21.030  0.3714E+00
     21.040  0.3710E+00
     21.050  0.3706E+00
     21.060  0.3702E+00
     21.070  0.3698E+00
     21.080  0.3694E+00
     21.090  0.3689E+00
     21.100  0.3685E+00
     21.110  0.3681E+00
     21.120  0.3677E+00
     21.130  0.3673E+00
     21.140  0.3669E+00
     21.150  0.3665E+00
     21.160  0.3661E+00
     21.170  0.3657E+00
     21.180  0.3653E+00
     21.190  0.3648E+00
     21.200  0.3644E+00
     21.210  0.3640E+00
     21.220  0.3636E+00
     21.230  0.3632E+00
     21.240  0.3628E+00
     21.250  0.3624E+00
     21.260  0.3620E+00
     21.270  0.3616E+00
     21.280  0.3612E+00
     21.290  0.3608E+00
     21.300  0.3604E+00
     21.310  0.3600E+00
     21.320  0.3596E+00
     21.330  0.3592E+00
     21.340  0.3588E+00
     21.350  0.3584E+00
     21.360  0.3580E+00
     21.370  0.3576E+00
     21.380  0.3572E+00
     21.390  0.3568E+00
     21.400  0.3564E+00
     21.410  0.3560E+00
     21.420  0.3556E+00
     21.430  0.3552E+00
     21.440  0.3548E+00
     21.450  0.3544E+00
     21.460  0.3541E+00
     21.470  0.3537E+00
     21.480  0.3533E+00
     21.490  0.3529E+00
     21.500  0.3525E+00
     21.510  0.3521E+00
     21.520  0.3517E+00
     21.530  0.3513E+00
     21.540  0.3509E+00
     21.550  0.3506E+00
     21.560  0.3502E+00
     21.570  0.3498E+00
     21.580  0.3494E+00
     21.590  0.3490E+00
     21.600  0.3486E+00
     21.610  0.3482E+00
     21.620  0.3479E+00
     21.630  0.3475E+00
     21.640  0.3471E+00
     21.650  0.3467E+00
     21.660  0.3463E+00
     21.670  0.3459E+00
     21.680  0.3456E+00
     21.690  0.3452E+00
     21.700  0.3448E+00
     21.710  0.3444E+00
     21.720  0.3440E+00
     21.730  0.3437E+00
     21.740  0.3433E+00
     21.750  0.3429E+00
     21.760  0.3425E+00
     21.770  0.3422E+00
     21.780  0.3418E+00
     21.790  0.3414E+00
     21.800  0.3410E+00
     21.810  0.3407E+00
     21.820  0.3403E+00
     21.830  0.3399E+00
     21.840  0.3395E+00
     21.850  0.3392E+00
     21.860  0.3388E+00
     21.870  0.3384E+00
     21.880  0.3381E+00
     21.890  0.3377E+00
     21.900  0.3373E+00
     21.910  0.3369E+00
     21.920  0.3366E+00
     21.930  0.3362E+00
     21.940  0.3358E+00
     21.950  0.3355E+00
     21.960  0.3351E+00
     21.970  0.3347E+00
     21.980  0.3344E+00
     21.990  0.3340E+00
     22.000  0.3337E+00
     22.010  0.3333E+00
     22.020  0.3329E+00
     22.030  0.3326E+00
     22.040  0.3322E+00
     22.050  0.3318E+00
     22.060  0.3315E+00
     22.070  0.3311E+00
     22.080  0.3308E+00
     22.090  0.3304E+00
     22.100  0.3300E+00
     22.110  0.3297E+00
     22.120  0.3293E+00
     22.130  0.3290E+00
     22.140  0.3286E+00
     22.150  0.3282E+00
     22.160  0.3279E+00
     22.170  0.3275E+00
     22.180  0.3272E+00
     22.190  0.3268E+00
     22.200  0.3265E+00
     22.210  0.3261E+00
     22.220  0.3258E+00
     22.230  0.3254E+00
     22.240  0.3251E+00
     22.250  0.3247E+00
     22.260  0.3244E+00
     22.270  0.3240E+00
     22.280  0.3237E+00
     22.290  0.3233E+00
     22.300  0.3230E+00
     22.310  0.3226E+00
     22.320  0.3223E+00
     22.330  0.3219E+00
     22.340  0.3216E+00
     22.350  0.3212E+00
     22.360  0.3209E+00
     22.370  0.3205E+00
     22.380  0.3202E+00
     22.390  0.3198E+00
     22.400  0.3195E+00
     22.410  0.3191E+00
     22.420  0.3188E+00
     22.430  0.3184E+00
     22.440  0.3181E+00
     22.450  0.3178E+00
     22.460  0.3174E+00
     22.470  0.3171E+00
     22.480  0.3167E+00
     22.490  0.3164E+00
     22.500  0.3161E+00
     22.510  0.3157E+00
     22.520  0.3154E+00
     22.530  0.3150E+00
     22.540  0.3147E+00
     22.550  0.3144E+00
     22.560  0.3140E+00
     22.570  0.3137E+00
     22.580  0.3133E+00
     22.590  0.3130E+00
     22.600  0.3127E+00
     22.610  0.3123E+00
     22.620  0.3120E+00
     22.630  0.3117E+00
     22.640  0.3113E+00
     22.650  0.3110E+00
     22.660  0.3107E+00
     22.670  0.3103E+00
     22.680  0.3100E+00
     22.690  0.3097E+00
     22.700  0.3093E+00
     22.710  0.3090E+00
     22.720  0.3087E+00
     22.730  0.3083E+00
     22.740  0.3080E+00
     22.750  0.3077E+00
     22.760  0.3074E+00
     22.770  0.3070E+00
     22.780  0.3067E+00
     22.790  0.3064E+00
     22.800  0.3060E+00
     22.810  0.3057E+00
     22.820  0.3054E+00
     22.830  0.3051E+00
     22.840  0.3047E+00
     22.850  0.3044E+00
     22.860  0.3041E+00
     22.870  0.3038E+00
     22.880  0.3034E+00
     22.890  0.3031E+00
     22.900  0.3028E+00
     22.910  0.3025E+00
     22.920  0.3022E+00
     22.930  0.3018E+00
     22.940  0.3015E+00
     22.950  0.3012E+00
     22.960  0.3009E+00
     22.970  0.3006E+00
     22.980  0.3002E+00
     22.990  0.2999E+00
     23.000  0.2996E+00
     23.010  0.2993E+00
     23.020  0.2990E+00
     23.030  0.2986E+00
     23.040  0.2983E+00
     23.050  0.2980E+00
     23.060  0.2977E+00
     23.070  0.2974E+00
     23.080  0.2971E+00
     23.090  0.2967E+00
     23.100  0.2964E+00
     23.110  0.2961E+00
     23.120  0.2958E+00
     23.130  0.2955E+00
     23.140  0.2952E+00
     23.150  0.2949E+00
     23.160  0.2946E+00
     23.170  0.2942E+00
     23.180  0.2939E+00
     23.190  0.2936E+00
     23.200  0.2933E+00
     23.210  0.2930E+00
     23.220  0.2927E+00
     23.230  0.2924E+00
     23.240  0.2921E+00
     23.250  0.2918E+00
     23.260  0.2915E+00
     23.270  0.2912E+00
     23.280  0.2908E+00
     23.290  0.2905E+00
     23.300  0.2902E+00
     23.310  0.2899E+00
     23.320  0.2896E+00
     23.330  0.2893E+00
     23.340  0.2890E+00
     23.350  0.2887E+00
     23.360  0.2884E+00
     23.370  0.2881E+00
     23.380  0.2878E+00
     23.390  0.2875E+00
     23.400  0.2872E+00
     23.410  0.2869E+00
     23.420  0.2866E+00
     23.430  0.2863E+00
     23.440  0.2860E+00
     23.450  0.2857E+00
     23.460  0.2854E+00
     23.470  0.2851E+00
     23.480  0.2848E+00
     23.490  0.2845E+00
     23.500  0.2842E+00
     23.510  0.2839E+00
     23.520  0.2836E+00
     23.530  0.2833E+00
     23.540  0.2830E+00
     23.550  0.2827E+00
     23.560  0.2824E+00
     23.570  0.2821E+00
     23.580  0.2818E+00
     23.590  0.2815E+00
     23.600  0.2812E+00
     23.610  0.2809E+00
     23.620  0.2806E+00
     23.630  0.2804E+00
     23.640  0.2801E+00
     23.650  0.2798E+00
     23.660  0.2795E+00
     23.670  0.2792E+00
     23.680  0.2789E+00
     23.690  0.2786E+00
     23.700  0.2783E+00
     23.710  0.2780E+00
     23.720  0.2777E+00
     23.730  0.2774E+00
     23.740  0.2772E+00
     23.750  0.2769E+00
     23.760  0.2766E+00
     23.770  0.2763E+00
     23.780  0.2760E+00
     23.790  0.2757E+00
     23.800  0.2754E+00
     23.810  0.2751E+00
     23.820  0.2749E+00
     23.830  0.2746E+00
     23.840  0.2743E+00
     23.850  0.2740E+00
     23.860  0.2737E+00
     23.870  0.2734E+00
     23.880  0.2731E+00
     23.890  0.2729E+00
     23.900  0.2726E+00
     23.910  0.2723E+00
     23.920  0.2720E+00
     23.930  0.2717E+00
     23.940  0.2714E+00
     23.950  0.2712E+00
     23.960  0.2709E+00
     23.970  0.2706E+00
     23.980  0.2703E+00
     23.990  0.2700E+00
     24.000  0.2698E+00
     24.010  0.2695E+00
     24.020  0.2692E+00
     24.030  0.2689E+00
     24.040  0.2687E+00
     24.050  0.2684E+00
     24.060  0.2681E+00
     24.070  0.2678E+00
     24.080  0.2675E+00
     24.090  0.2673E+00
     24.100  0.2670E+00
     24.110  0.2667E+00
     24.120  0.2664E+00
     24.130  0.2662E+00
     24.140  0.2659E+00
     24.150  0.2656E+00
     24.160  0.2653E+00
     24.170  0.2651E+00
     24.180  0.2648E+00
     24.190  0.2645E+00
     24.200  0.2642E+00
     24.210  0.2640E+00
     24.220  0.2637E+00
     24.230  0.2634E+00
     24.240  0.2632E+00
     24.250  0.2629E+00
     24.260  0.2626E+00
     24.270  0.2624E+00
     24.280  0.2621E+00
     24.290  0.2618E+00
     24.300  0.2615E+00
     24.310  0.2613E+00
     24.320  0.2610E+00
     24.330  0.2607E+00
     24.340  0.2605E+00
     24.350  0.2602E+00
     24.360  0.2599E+00
     24.370  0.2597E+00
     24.380  0.2594E+00
     24.390  0.2591E+00
     24.400  0.2589E+00
     24.410  0.2586E+00
     24.420  0.2583E+00
     24.430  0.2581E+00
     24.440  0.2578E+00
     24.450  0.2575E+00
     24.460  0.2573E+00
     24.470  0.2570E+00
     24.480  0.2568E+00
     24.490  0.2565E+00
     24.500  0.2562E+00
     24.510  0.2560E+00
     24.520  0.2557E+00
     24.530  0.2555E+00
     24.540  0.2552E+00
     24.550  0.2549E+00
     24.560  0.2547E+00
     24.570  0.2544E+00
     24.580  0.2541E+00
     24.590  0.2539E+00
     24.600  0.2536E+00    
